0.000000   4.93786e-07
1.000000   1.07196e-06
2.000000   1.41377e-06
3.000000   1.70631e-06
4.000000   1.95991e-06
5.000000   2.17777e-06
6.000000   2.36342e-06
7.000000   2.52049e-06
8.000000   2.65241e-06
9.000000   2.76225e-06
10.000000   2.85276e-06
11.000000   2.92632e-06
12.000000   2.98503e-06
13.000000   3.03072e-06
14.000000   3.06501e-06
15.000000   3.08929e-06
16.000000   3.1048e-06
17.000000   3.11263e-06
18.000000   3.11374e-06
19.000000   3.10897e-06
20.000000   3.09908e-06
21.000000   3.08473e-06
22.000000   3.06651e-06
23.000000   3.04494e-06
24.000000   3.02048e-06
25.000000   2.99354e-06
26.000000   2.9645e-06
27.000000   2.93368e-06
28.000000   2.90137e-06
29.000000   2.86783e-06
30.000000   2.83328e-06
31.000000   2.79793e-06
32.000000   2.76196e-06
33.000000   2.72553e-06
34.000000   2.68879e-06
35.000000   2.65185e-06
36.000000   2.61483e-06
37.000000   2.57782e-06
38.000000   2.54092e-06
39.000000   2.5042e-06
40.000000   2.46771e-06
41.000000   2.43153e-06
42.000000   2.3957e-06
43.000000   2.36025e-06
44.000000   2.32523e-06
45.000000   2.29068e-06
46.000000   2.2566e-06
47.000000   2.22303e-06
48.000000   2.18998e-06
49.000000   2.15747e-06
50.000000   2.1255e-06
51.000000   2.09409e-06
52.000000   2.06324e-06
53.000000   2.03295e-06
54.000000   2.00323e-06
55.000000   1.97407e-06
56.000000   1.94547e-06
57.000000   1.91743e-06
58.000000   1.88994e-06
59.000000   1.863e-06
60.000000   1.8366e-06
61.000000   1.81073e-06
62.000000   1.78539e-06
63.000000   1.76056e-06
64.000000   1.73625e-06
65.000000   1.71243e-06
66.000000   1.6891e-06
67.000000   1.66625e-06
68.000000   1.64387e-06
69.000000   1.62195e-06
70.000000   1.60048e-06
71.000000   1.57945e-06
72.000000   1.55884e-06
73.000000   1.53865e-06
74.000000   1.51887e-06
75.000000   1.49949e-06
76.000000   1.4805e-06
77.000000   1.46188e-06
78.000000   1.44363e-06
79.000000   1.42575e-06
80.000000   1.40821e-06
81.000000   1.39101e-06
82.000000   1.37414e-06
83.000000   1.35759e-06
84.000000   1.34136e-06
85.000000   1.32543e-06
86.000000   1.3098e-06
87.000000   1.29446e-06
88.000000   1.2794e-06
89.000000   1.26462e-06
90.000000   1.2501e-06
91.000000   1.23584e-06
92.000000   1.22183e-06
93.000000   1.20807e-06
94.000000   1.19454e-06
95.000000   1.18125e-06
96.000000   1.16819e-06
97.000000   1.15534e-06
98.000000   1.14271e-06
99.000000   1.13029e-06
100.000000   1.11807e-06
101.000000   1.10627e-06
102.000000   1.09459e-06
103.000000   1.08302e-06
104.000000   1.07156e-06
105.000000   1.06021e-06
106.000000   1.04897e-06
107.000000   1.03784e-06
108.000000   1.02729e-06
109.000000   1.01683e-06
110.000000   1.00648e-06
111.000000   9.96213e-07
112.000000   9.86042e-07
113.000000   9.75961e-07
114.000000   9.65969e-07
115.000000   9.56065e-07
116.000000   9.46677e-07
117.000000   9.37371e-07
118.000000   9.28143e-07
119.000000   9.18994e-07
120.000000   9.09921e-07
121.000000   9.00923e-07
122.000000   8.92e-07
123.000000   8.83149e-07
124.000000   8.7476e-07
125.000000   8.66438e-07
126.000000   8.58183e-07
127.000000   8.49992e-07
128.000000   8.41866e-07
129.000000   8.33804e-07
130.000000   8.25803e-07
131.000000   8.17864e-07
132.000000   8.09985e-07
133.000000   8.02543e-07
134.000000   7.95157e-07
135.000000   7.87825e-07
136.000000   7.80548e-07
137.000000   7.73324e-07
138.000000   7.66152e-07
139.000000   7.59033e-07
140.000000   7.51964e-07
141.000000   7.44946e-07
142.000000   7.37977e-07
143.000000   7.31408e-07
144.000000   7.24885e-07
145.000000   7.18407e-07
146.000000   7.11973e-07
147.000000   7.05584e-07
148.000000   6.99237e-07
149.000000   6.92934e-07
150.000000   6.86672e-07
151.000000   6.80452e-07
152.000000   6.74274e-07
153.000000   6.68468e-07
154.000000   6.62699e-07
155.000000   6.56968e-07
156.000000   6.51274e-07
157.000000   6.45617e-07
158.000000   6.39995e-07
159.000000   6.34409e-07
160.000000   6.28857e-07
161.000000   6.23341e-07
162.000000   6.17858e-07
163.000000   6.12409e-07
164.000000   6.07324e-07
165.000000   6.0227e-07
166.000000   5.97247e-07
167.000000   5.92253e-07
168.000000   5.87289e-07
169.000000   5.82355e-07
170.000000   5.7745e-07
171.000000   5.72574e-07
172.000000   5.67726e-07
173.000000   5.62906e-07
174.000000   5.58114e-07
175.000000   5.5335e-07
176.000000   5.48925e-07
177.000000   5.44525e-07
178.000000   5.4015e-07
179.000000   5.35799e-07
180.000000   5.31473e-07
181.000000   5.2717e-07
182.000000   5.22891e-07
183.000000   5.18636e-07
184.000000   5.14404e-07
185.000000   5.10195e-07
186.000000   5.06008e-07
187.000000   5.01844e-07
188.000000   4.98005e-07
189.000000   4.94187e-07
190.000000   4.90389e-07
191.000000   4.86611e-07
192.000000   4.82852e-07
193.000000   4.79113e-07
194.000000   4.75393e-07
195.000000   4.71693e-07
196.000000   4.68011e-07
197.000000   4.64348e-07
198.000000   4.60704e-07
199.000000   4.57078e-07
200.000000   4.5347e-07
201.000000   4.4988e-07
202.000000   4.46595e-07
203.000000   4.43325e-07
204.000000   4.40072e-07
205.000000   4.36834e-07
206.000000   4.33612e-07
207.000000   4.30406e-07
208.000000   4.27216e-07
209.000000   4.2404e-07
210.000000   4.2088e-07
211.000000   4.17735e-07
212.000000   4.14605e-07
213.000000   4.11489e-07
214.000000   4.08388e-07
215.000000   4.05301e-07
216.000000   4.02492e-07
217.000000   3.99695e-07
218.000000   3.96911e-07
219.000000   3.9414e-07
220.000000   3.91382e-07
221.000000   3.88636e-07
222.000000   3.85902e-07
223.000000   3.83181e-07
224.000000   3.80472e-07
225.000000   3.77775e-07
226.000000   3.7509e-07
227.000000   3.72417e-07
228.000000   3.69756e-07
229.000000   3.67106e-07
230.000000   3.64468e-07
231.000000   3.61841e-07
232.000000   3.59466e-07
233.000000   3.57101e-07
234.000000   3.54747e-07
235.000000   3.52402e-07
236.000000   3.50068e-07
237.000000   3.47743e-07
238.000000   3.45428e-07
239.000000   3.43123e-07
240.000000   3.40827e-07
241.000000   3.38541e-07
242.000000   3.36265e-07
243.000000   3.33997e-07
244.000000   3.3174e-07
245.000000   3.29491e-07
246.000000   3.27252e-07
247.000000   3.25021e-07
248.000000   3.228e-07
249.000000   3.20795e-07
250.000000   3.18797e-07
251.000000   3.16808e-07
252.000000   3.14827e-07
253.000000   3.12853e-07
254.000000   3.10887e-07
255.000000   3.08929e-07
256.000000   3.06979e-07
257.000000   3.05036e-07
258.000000   3.03101e-07
259.000000   3.01173e-07
260.000000   2.99253e-07
261.000000   2.9734e-07
262.000000   2.95435e-07
263.000000   2.93536e-07
264.000000   2.91645e-07
265.000000   2.89761e-07
266.000000   2.87884e-07
267.000000   2.8619e-07
268.000000   2.84501e-07
269.000000   2.82819e-07
270.000000   2.81143e-07
271.000000   2.79473e-07
272.000000   2.7781e-07
273.000000   2.76152e-07
274.000000   2.74501e-07
275.000000   2.72856e-07
276.000000   2.71216e-07
277.000000   2.69583e-07
278.000000   2.67955e-07
279.000000   2.66334e-07
280.000000   2.64718e-07
281.000000   2.63108e-07
282.000000   2.61503e-07
283.000000   2.59904e-07
284.000000   2.58311e-07
285.000000   2.56724e-07
286.000000   2.55289e-07
287.000000   2.53858e-07
288.000000   2.52433e-07
289.000000   2.51013e-07
290.000000   2.49597e-07
291.000000   2.48187e-07
292.000000   2.46781e-07
293.000000   2.4538e-07
294.000000   2.43984e-07
295.000000   2.42593e-07
296.000000   2.41206e-07
297.000000   2.39824e-07
298.000000   2.38447e-07
299.000000   2.37074e-07
300.000000   2.35706e-07
301.000000   2.34342e-07
302.000000   2.32983e-07
303.000000   2.31628e-07
304.000000   2.30278e-07
305.000000   2.28933e-07
306.000000   2.27717e-07
307.000000   2.26505e-07
308.000000   2.25298e-07
309.000000   2.24094e-07
310.000000   2.22894e-07
311.000000   2.21698e-07
312.000000   2.20506e-07
313.000000   2.19318e-07
314.000000   2.18133e-07
315.000000   2.16952e-07
316.000000   2.15775e-07
317.000000   2.14602e-07
318.000000   2.13432e-07
319.000000   2.12266e-07
320.000000   2.11104e-07
321.000000   2.09945e-07
322.000000   2.0879e-07
323.000000   2.07639e-07
324.000000   2.06491e-07
325.000000   2.05346e-07
326.000000   2.04206e-07
327.000000   2.03068e-07
328.000000   2.02044e-07
329.000000   2.01024e-07
330.000000   2.00006e-07
331.000000   1.98991e-07
332.000000   1.9798e-07
333.000000   1.96971e-07
334.000000   1.95966e-07
335.000000   1.94964e-07
336.000000   1.93964e-07
337.000000   1.92968e-07
338.000000   1.91974e-07
339.000000   1.90984e-07
340.000000   1.89996e-07
341.000000   1.89011e-07
342.000000   1.88029e-07
343.000000   1.8705e-07
344.000000   1.86074e-07
345.000000   1.85101e-07
346.000000   1.8413e-07
347.000000   1.83162e-07
348.000000   1.82198e-07
349.000000   1.81235e-07
350.000000   1.80276e-07
351.000000   1.79319e-07
352.000000   1.7846e-07
353.000000   1.77603e-07
354.000000   1.76748e-07
355.000000   1.75896e-07
356.000000   1.75046e-07
357.000000   1.74199e-07
358.000000   1.73353e-07
359.000000   1.72511e-07
360.000000   1.7167e-07
361.000000   1.70832e-07
362.000000   1.69997e-07
363.000000   1.69163e-07
364.000000   1.68332e-07
365.000000   1.67503e-07
366.000000   1.66677e-07
367.000000   1.65852e-07
368.000000   1.6503e-07
369.000000   1.6421e-07
370.000000   1.63393e-07
371.000000   1.62577e-07
372.000000   1.61764e-07
373.000000   1.60953e-07
374.000000   1.60144e-07
375.000000   1.59337e-07
376.000000   1.58533e-07
377.000000   1.57813e-07
378.000000   1.57095e-07
379.000000   1.56379e-07
380.000000   1.55665e-07
381.000000   1.54953e-07
382.000000   1.54243e-07
383.000000   1.53534e-07
384.000000   1.52828e-07
385.000000   1.52123e-07
386.000000   1.5142e-07
387.000000   1.50719e-07
388.000000   1.5002e-07
389.000000   1.49322e-07
390.000000   1.48627e-07
391.000000   1.47933e-07
392.000000   1.47241e-07
393.000000   1.4655e-07
394.000000   1.45862e-07
395.000000   1.45175e-07
396.000000   1.4449e-07
397.000000   1.43806e-07
398.000000   1.43124e-07
399.000000   1.42444e-07
400.000000   1.41766e-07
401.000000   1.4109e-07
402.000000   1.40415e-07
403.000000   1.39741e-07
404.000000   1.3907e-07
405.000000   1.38472e-07
406.000000   1.37875e-07
407.000000   1.3728e-07
408.000000   1.36687e-07
409.000000   1.36094e-07
410.000000   1.35504e-07
411.000000   1.34914e-07
412.000000   1.34326e-07
413.000000   1.3374e-07
414.000000   1.33155e-07
415.000000   1.32571e-07
416.000000   1.31989e-07
417.000000   1.31408e-07
418.000000   1.30829e-07
419.000000   1.30251e-07
420.000000   1.29674e-07
421.000000   1.29099e-07
422.000000   1.28525e-07
423.000000   1.27953e-07
424.000000   1.27381e-07
425.000000   1.26811e-07
426.000000   1.26243e-07
427.000000   1.25676e-07
428.000000   1.2511e-07
429.000000   1.24545e-07
430.000000   1.23982e-07
431.000000   1.2342e-07
432.000000   1.2286e-07
433.000000   1.223e-07
434.000000   1.21803e-07
435.000000   1.21307e-07
436.000000   1.20811e-07
437.000000   1.20318e-07
438.000000   1.19825e-07
439.000000   1.19333e-07
440.000000   1.18842e-07
441.000000   1.18353e-07
442.000000   1.17864e-07
443.000000   1.17377e-07
444.000000   1.16891e-07
445.000000   1.16406e-07
446.000000   1.15922e-07
447.000000   1.15439e-07
448.000000   1.14957e-07
449.000000   1.14476e-07
450.000000   1.13997e-07
451.000000   1.13518e-07
452.000000   1.1304e-07
453.000000   1.12564e-07
454.000000   1.12088e-07
455.000000   1.11614e-07
456.000000   1.11141e-07
457.000000   1.10668e-07
458.000000   1.10197e-07
459.000000   1.09727e-07
460.000000   1.09258e-07
461.000000   1.08789e-07
462.000000   1.08322e-07
463.000000   1.07856e-07
464.000000   1.07391e-07
465.000000   1.06979e-07
466.000000   1.06567e-07
467.000000   1.06157e-07
468.000000   1.05747e-07
469.000000   1.05339e-07
470.000000   1.04931e-07
471.000000   1.04524e-07
472.000000   1.04118e-07
473.000000   1.03713e-07
474.000000   1.03309e-07
475.000000   1.02905e-07
476.000000   1.02503e-07
477.000000   1.02101e-07
478.000000   1.017e-07
479.000000   1.013e-07
480.000000   1.00901e-07
481.000000   1.00502e-07
482.000000   1.00105e-07
483.000000   9.9708e-08
484.000000   9.9312e-08
485.000000   9.89169e-08
486.000000   9.85226e-08
487.000000   9.81291e-08
488.000000   9.77364e-08
489.000000   9.73446e-08
490.000000   9.69535e-08
491.000000   9.65632e-08
492.000000   9.61737e-08
493.000000   9.5785e-08
494.000000   9.53971e-08
495.000000   9.50099e-08
496.000000   9.46236e-08
497.000000   9.4238e-08
498.000000   9.38532e-08
499.000000   9.35132e-08
