0 0.000000142535510
1 0.000000157872071
2 0.000000177967260
3 0.000000200221612
4 0.000000223314023
5 0.000000246501166
6 0.000000269344551
7 0.000000291579970
8 0.000000313048260
9 0.000000333655440
10 0.000000353348863
11 0.000000372102889
12 0.000000389909692
13 0.000000406773225
14 0.000000422705412
15 0.000000437723698
16 0.000000451849152
17 0.000000465105062
18 0.000000477516136
19 0.000000489107957
20 0.000000499906498
21 0.000000509937760
22 0.000000519227592
23 0.000000527801664
24 0.000000535685396
25 0.000000542903828
26 0.000000549481480
27 0.000000555442236
28 0.000000560809323
29 0.000000565605372
30 0.000000569852492
31 0.000000573572314
32 0.000000576785982
33 0.000000579514135
34 0.000000581776889
35 0.000000583593852
36 0.000000584984153
37 0.000000585966451
38 0.000000586558935
39 0.000000586779352
40 0.000000586645055
41 0.000000586173026
42 0.000000585379861
43 0.000000584281779
44 0.000000582894636
45 0.000000581233917
46 0.000000579314713
47 0.000000577151687
48 0.000000574759046
49 0.000000572150542
50 0.000000569339498
51 0.000000566338871
52 0.000000563161303
53 0.000000559819146
54 0.000000556324453
55 0.000000552688966
56 0.000000548924102
57 0.000000545040946
58 0.000000541050221
59 0.000000536962259
60 0.000000532786959
61 0.000000528533775
62 0.000000524211720
63 0.000000519829397
64 0.000000515395031
65 0.000000510916507
66 0.000000506401392
67 0.000000501856956
68 0.000000497290178
69 0.000000492707749
70 0.000000488116063
71 0.000000483521230
72 0.000000478929064
73 0.000000474345078
74 0.000000469774472
75 0.000000465222132
76 0.000000460692625
77 0.000000456190214
78 0.000000451718860
79 0.000000447282239
80 0.000000442883750
81 0.000000438526531
82 0.000000434213460
83 0.000000429947168
84 0.000000425730044
85 0.000000421564246
86 0.000000417451720
87 0.000000413394209
88 0.000000409393274
89 0.000000405450301
90 0.000000401566513
91 0.000000397742974
92 0.000000393980596
93 0.000000390280135
94 0.000000386642188
95 0.000000383067200
96 0.000000379555462
97 0.000000376107124
98 0.000000372722200
99 0.000000369400576
100 0.000000366142020
101 0.000000362946182
102 0.000000359812607
103 0.000000356740736
104 0.000000353729916
105 0.000000350779410
106 0.000000347888397
107 0.000000345055983
108 0.000000342281200
109 0.000000339563013
110 0.000000336900325
111 0.000000334291983
112 0.000000331736782
113 0.000000329233475
114 0.000000326780777
115 0.000000324377371
116 0.000000322021910
117 0.000000319713028
118 0.000000317449333
119 0.000000315229423
120 0.000000313051880
121 0.000000310915274
122 0.000000308818169
123 0.000000306759118
124 0.000000304736676
125 0.000000302749396
126 0.000000300795839
127 0.000000298874572
128 0.000000296984176
129 0.000000295123240
130 0.000000293290373
131 0.000000291484201
132 0.000000289703377
133 0.000000287946579
134 0.000000286212515
135 0.000000284499922
136 0.000000282807567
137 0.000000281134254
138 0.000000279478821
139 0.000000277840143
140 0.000000276217134
141 0.000000274608752
142 0.000000273013993
143 0.000000271431900
144 0.000000269861555
145 0.000000268302087
146 0.000000266752668
147 0.000000265212514
148 0.000000263680883
149 0.000000262157084
150 0.000000260640468
151 0.000000259130432
152 0.000000257626419
153 0.000000256127916
154 0.000000254634451
155 0.000000253145598
156 0.000000251660969
157 0.000000250180220
158 0.000000248703045
159 0.000000247229179
160 0.000000245758394
161 0.000000244290499
162 0.000000242825340
163 0.000000241362797
164 0.000000239902785
165 0.000000238445250
166 0.000000236990167
167 0.000000235537543
168 0.000000234087409
169 0.000000232639822
170 0.000000231194865
171 0.000000229752641
172 0.000000228313274
173 0.000000226876907
174 0.000000225443701
175 0.000000224013832
176 0.000000222587491
177 0.000000221164885
178 0.000000219746232
179 0.000000218331762
180 0.000000216921715
181 0.000000215516341
182 0.000000214115895
183 0.000000212720642
184 0.000000211330849
185 0.000000209946790
186 0.000000208568739
187 0.000000207196970
188 0.000000205831758
189 0.000000204473375
190 0.000000203122091
191 0.000000201778170
192 0.000000200441874
193 0.000000199113459
194 0.000000197793177
195 0.000000196481272
196 0.000000195177980
197 0.000000193883535
198 0.000000192598159
199 0.000000191322067
200 0.000000190055466
201 0.000000188798553
202 0.000000187551513
203 0.000000186314523
204 0.000000185087746
205 0.000000183871337
206 0.000000182665438
207 0.000000181470179
208 0.000000180285681
209 0.000000179112050
210 0.000000177949383
211 0.000000176797764
212 0.000000175657265
213 0.000000174527948
214 0.000000173409862
215 0.000000172303044
216 0.000000171207520
217 0.000000170123304
218 0.000000169050399
219 0.000000167988797
220 0.000000166938477
221 0.000000165899410
222 0.000000164871553
223 0.000000163854855
224 0.000000162849254
225 0.000000161854678
226 0.000000160871047
227 0.000000159898271
228 0.000000158936251
229 0.000000157984879
230 0.000000157044040
231 0.000000156113610
232 0.000000155193459
233 0.000000154283448
234 0.000000153383432
235 0.000000152493260
236 0.000000151612776
237 0.000000150741817
238 0.000000149880217
239 0.000000149027804
240 0.000000148184405
241 0.000000147349841
242 0.000000146523931
243 0.000000145706491
244 0.000000144897333
245 0.000000144096271
246 0.000000143303113
247 0.000000142517669
248 0.000000141739748
249 0.000000140969162
250 0.000000140205719
251 0.000000139449232
252 0.000000138699513
253 0.000000137956377
254 0.000000137219638
255 0.000000136489115
256 0.000000135764629
257 0.000000135046004
258 0.000000134333067
259 0.000000133625651
260 0.000000132923592
261 0.000000132226729
262 0.000000131534908
263 0.000000130847978
264 0.000000130165792
265 0.000000129488211
266 0.000000128815099
267 0.000000128146327
268 0.000000127481770
269 0.000000126821309
270 0.000000126164834
271 0.000000125512236
272 0.000000124863415
273 0.000000124218278
274 0.000000123576735
275 0.000000122938704
276 0.000000122304109
277 0.000000121672878
278 0.000000121044947
279 0.000000120420256
280 0.000000119798752
281 0.000000119180388
282 0.000000118565121
283 0.000000117952913
284 0.000000117343734
285 0.000000116737558
286 0.000000116134361
287 0.000000115534129
288 0.000000114936848
289 0.000000114342510
290 0.000000113751111
291 0.000000113162652
292 0.000000112577137
293 0.000000111994573
294 0.000000111414971
295 0.000000110838345
296 0.000000110264712
297 0.000000109694092
298 0.000000109126507
299 0.000000108561981
300 0.000000108000541
301 0.000000107442215
302 0.000000106887033
303 0.000000106335028
304 0.000000105786230
305 0.000000105240674
306 0.000000104698393
307 0.000000104159423
308 0.000000103623797
309 0.000000103091552
310 0.000000102562723
311 0.000000102037345
312 0.000000101515453
313 0.000000100997082
314 0.000000100482266
315 0.000000099971036
316 0.000000099463426
317 0.000000098959465
318 0.000000098459183
319 0.000000097962608
320 0.000000097469766
321 0.000000096980682
322 0.000000096495380
323 0.000000096013882
324 0.000000095536208
325 0.000000095062375
326 0.000000094592399
327 0.000000094126294
328 0.000000093664072
329 0.000000093205740
330 0.000000092751307
331 0.000000092300776
332 0.000000091854150
333 0.000000091411428
334 0.000000090972607
335 0.000000090537684
336 0.000000090106650
337 0.000000089679496
338 0.000000089256210
339 0.000000088836778
340 0.000000088421183
341 0.000000088009407
342 0.000000087601428
343 0.000000087197224
344 0.000000086796768
345 0.000000086400034
346 0.000000086006991
347 0.000000085617609
348 0.000000085231853
349 0.000000084849688
350 0.000000084471079
351 0.000000084095984
352 0.000000083724365
353 0.000000083356178
354 0.000000082991380
355 0.000000082629925
356 0.000000082271766
357 0.000000081916854
358 0.000000081565138
359 0.000000081216569
360 0.000000080871093
361 0.000000080528657
362 0.000000080189208
363 0.000000079852690
364 0.000000079519048
365 0.000000079188224
366 0.000000078860162
367 0.000000078534804
368 0.000000078212092
369 0.000000077891966
370 0.000000077574367
371 0.000000077259237
372 0.000000076946517
373 0.000000076636146
374 0.000000076328068
375 0.000000076022224
376 0.000000075718556
377 0.000000075417008
378 0.000000075117523
379 0.000000074820045
380 0.000000074524519
381 0.000000074230892
382 0.000000073939108
383 0.000000073649118
384 0.000000073360868
385 0.000000073074310
386 0.000000072789394
387 0.000000072506073
388 0.000000072224301
389 0.000000071944034
390 0.000000071665227
391 0.000000071387841
392 0.000000071111833
393 0.000000070837166
394 0.000000070563803
395 0.000000070291706
396 0.000000070020843
397 0.000000069751181
398 0.000000069482688
399 0.000000069215334
400 0.000000068949093
401 0.000000068683937
402 0.000000068419842
403 0.000000068156785
404 0.000000067894743
405 0.000000067633697
406 0.000000067373629
407 0.000000067114521
408 0.000000066856357
409 0.000000066599123
410 0.000000066342805
411 0.000000066087394
412 0.000000065832876
413 0.000000065579245
414 0.000000065326491
415 0.000000065074607
416 0.000000064823588
417 0.000000064573430
418 0.000000064324128
419 0.000000064075680
420 0.000000063828084
421 0.000000063581340
422 0.000000063335448
423 0.000000063090409
424 0.000000062846224
425 0.000000062602896
426 0.000000062360427
427 0.000000062118823
428 0.000000061878085
429 0.000000061638220
430 0.000000061399233
431 0.000000061161128
432 0.000000060923913
433 0.000000060687593
434 0.000000060452176
435 0.000000060217668
436 0.000000059984077
437 0.000000059751410
438 0.000000059519676
439 0.000000059288882
440 0.000000059059035
441 0.000000058830144
442 0.000000058602217
443 0.000000058375261
444 0.000000058149285
445 0.000000057924296
446 0.000000057700302
447 0.000000057477310
448 0.000000057255329
449 0.000000057034364
450 0.000000056814423
451 0.000000056595514
452 0.000000056377642
453 0.000000056160815
454 0.000000055945037
455 0.000000055730314
456 0.000000055516653
457 0.000000055304056
458 0.000000055092530
459 0.000000054882078
460 0.000000054672704
461 0.000000054464411
462 0.000000054257203
463 0.000000054051080
464 0.000000053846046
465 0.000000053642102
466 0.000000053439248
467 0.000000053237486
468 0.000000053036815
469 0.000000052837236
470 0.000000052638746
471 0.000000052441346
472 0.000000052245032
473 0.000000052049805
474 0.000000051855660
475 0.000000051662595
476 0.000000051470606
477 0.000000051279691
478 0.000000051089844
479 0.000000050901061
480 0.000000050713336
481 0.000000050526665
482 0.000000050341042
483 0.000000050156460
484 0.000000049972913
485 0.000000049790395
486 0.000000049608897
487 0.000000049428414
488 0.000000049248936
489 0.000000049070458
490 0.000000048892971
491 0.000000048716466
492 0.000000048540937
493 0.000000048366374
494 0.000000048192770
495 0.000000048020115
496 0.000000047848400
497 0.000000047677617
498 0.000000047507757
499 0.000000047338810
500 0.000000047170767
501 0.000000047003619
502 0.000000046837358
503 0.000000046671973
504 0.000000046507456
505 0.000000046343798
506 0.000000046180990
507 0.000000046019023
508 0.000000045857888
509 0.000000045697578
510 0.000000045538082
511 0.000000045379394
512 0.000000045221504
513 0.000000045064405
514 0.000000044908089
515 0.000000044752546
516 0.000000044597771
517 0.000000044443755
518 0.000000044290490
519 0.000000044137970
520 0.000000043986187
521 0.000000043835134
522 0.000000043684806
523 0.000000043535196
524 0.000000043386297
525 0.000000043238104
526 0.000000043090611
527 0.000000042943814
528 0.000000042797706
529 0.000000042652283
530 0.000000042507540
531 0.000000042363472
532 0.000000042220077
533 0.000000042077348
534 0.000000041935283
535 0.000000041793877
536 0.000000041653128
537 0.000000041513032
538 0.000000041373585
539 0.000000041234785
540 0.000000041096630
541 0.000000040959116
542 0.000000040822242
543 0.000000040686004
544 0.000000040550402
545 0.000000040415434
546 0.000000040281098
547 0.000000040147392
548 0.000000040014315
549 0.000000039881867
550 0.000000039750045
551 0.000000039618849
552 0.000000039488278
553 0.000000039358332
554 0.000000039229009
555 0.000000039100308
556 0.000000038972230
557 0.000000038844772
558 0.000000038717935
559 0.000000038591717
560 0.000000038466118
561 0.000000038341137
562 0.000000038216774
563 0.000000038093027
564 0.000000037969896
565 0.000000037847380
566 0.000000037725478
567 0.000000037604190
568 0.000000037483514
569 0.000000037363449
570 0.000000037243995
571 0.000000037125150
572 0.000000037006914
573 0.000000036889284
574 0.000000036772260
575 0.000000036655840
576 0.000000036540023
577 0.000000036424806
578 0.000000036310188
579 0.000000036196167
580 0.000000036082741
581 0.000000035969907
582 0.000000035857663
583 0.000000035746006
584 0.000000035634935
585 0.000000035524446
586 0.000000035414536
587 0.000000035305202
588 0.000000035196442
589 0.000000035088252
590 0.000000034980628
591 0.000000034873568
592 0.000000034767068
593 0.000000034661125
594 0.000000034555734
595 0.000000034450892
596 0.000000034346595
597 0.000000034242839
598 0.000000034139619
599 0.000000034036932
600 0.000000033934773
601 0.000000033833138
602 0.000000033732021
603 0.000000033631419
604 0.000000033531325
605 0.000000033431736
606 0.000000033332647
607 0.000000033234052
608 0.000000033135945
609 0.000000033038323
610 0.000000032941180
611 0.000000032844510
612 0.000000032748309
613 0.000000032652571
614 0.000000032557291
615 0.000000032462463
616 0.000000032368083
617 0.000000032274145
618 0.000000032180643
619 0.000000032087572
620 0.000000031994928
621 0.000000031902703
622 0.000000031810894
623 0.000000031719494
624 0.000000031628499
625 0.000000031537901
626 0.000000031447697
627 0.000000031357881
628 0.000000031268447
629 0.000000031179390
630 0.000000031090704
631 0.000000031002385
632 0.000000030914428
633 0.000000030826827
634 0.000000030739577
635 0.000000030652675
636 0.000000030566114
637 0.000000030479890
638 0.000000030393999
639 0.000000030308437
640 0.000000030223198
641 0.000000030138279
642 0.000000030053675
643 0.000000029969382
644 0.000000029885397
645 0.000000029801716
646 0.000000029718334
647 0.000000029635248
648 0.000000029552454
649 0.000000029469950
650 0.000000029387730
651 0.000000029305793
652 0.000000029224135
653 0.000000029142753
654 0.000000029061644
655 0.000000028980805
656 0.000000028900233
657 0.000000028819927
658 0.000000028739883
659 0.000000028660100
660 0.000000028580574
661 0.000000028501305
662 0.000000028422289
663 0.000000028343525
664 0.000000028265011
665 0.000000028186745
666 0.000000028108725
667 0.000000028030951
668 0.000000027953420
669 0.000000027876132
670 0.000000027799085
671 0.000000027722277
672 0.000000027645708
673 0.000000027569377
674 0.000000027493283
675 0.000000027417424
676 0.000000027341801
677 0.000000027266412
678 0.000000027191257
679 0.000000027116335
680 0.000000027041645
681 0.000000026967188
682 0.000000026892962
683 0.000000026818968
684 0.000000026745205
685 0.000000026671673
686 0.000000026598371
687 0.000000026525300
688 0.000000026452459
689 0.000000026379849
690 0.000000026307469
691 0.000000026235320
692 0.000000026163401
693 0.000000026091714
694 0.000000026020257
695 0.000000025949031
696 0.000000025878036
697 0.000000025807273
698 0.000000025736742
699 0.000000025666443
700 0.000000025596376
701 0.000000025526542
702 0.000000025456940
703 0.000000025387571
704 0.000000025318435
705 0.000000025249533
706 0.000000025180864
707 0.000000025112428
708 0.000000025044226
709 0.000000024976259
710 0.000000024908525
711 0.000000024841026
712 0.000000024773761
713 0.000000024706731
714 0.000000024639936
715 0.000000024573375
716 0.000000024507050
717 0.000000024440959
718 0.000000024375104
719 0.000000024309484
720 0.000000024244100
721 0.000000024178951
722 0.000000024114036
723 0.000000024049357
724 0.000000023984913
725 0.000000023920704
726 0.000000023856730
727 0.000000023792990
728 0.000000023729484
729 0.000000023666213
730 0.000000023603175
731 0.000000023540370
732 0.000000023477798
733 0.000000023415460
734 0.000000023353353
735 0.000000023291479
736 0.000000023229836
737 0.000000023168424
738 0.000000023107244
739 0.000000023046293
740 0.000000022985572
741 0.000000022925081
742 0.000000022864818
743 0.000000022804784
744 0.000000022744977
745 0.000000022685398
746 0.000000022626044
747 0.000000022566917
748 0.000000022508014
749 0.000000022449335
750 0.000000022390881
751 0.000000022332649
752 0.000000022274639
753 0.000000022216850
754 0.000000022159282
755 0.000000022101934
756 0.000000022044804
757 0.000000021987893
758 0.000000021931199
759 0.000000021874722
760 0.000000021818460
761 0.000000021762414
762 0.000000021706581
763 0.000000021650962
764 0.000000021595556
765 0.000000021540361
766 0.000000021485377
767 0.000000021430603
768 0.000000021376039
769 0.000000021321682
770 0.000000021267534
771 0.000000021213592
772 0.000000021159855
773 0.000000021106324
774 0.000000021052996
775 0.000000020999872
776 0.000000020946950
777 0.000000020894229
778 0.000000020841709
779 0.000000020789388
780 0.000000020737266
781 0.000000020685342
782 0.000000020633615
783 0.000000020582084
784 0.000000020530749
785 0.000000020479608
786 0.000000020428660
787 0.000000020377906
788 0.000000020327343
789 0.000000020276971
790 0.000000020226790
791 0.000000020176798
792 0.000000020126995
793 0.000000020077380
794 0.000000020027951
795 0.000000019978710
796 0.000000019929653
797 0.000000019880782
798 0.000000019832094
799 0.000000019783590
800 0.000000019735268
801 0.000000019687128
802 0.000000019639168
803 0.000000019591388
804 0.000000019543788
805 0.000000019496366
806 0.000000019449122
807 0.000000019402055
808 0.000000019355165
809 0.000000019308449
810 0.000000019261908
811 0.000000019215541
812 0.000000019169347
813 0.000000019123325
814 0.000000019077474
815 0.000000019031794
816 0.000000018986283
817 0.000000018940942
818 0.000000018895768
819 0.000000018850762
820 0.000000018805922
821 0.000000018761248
822 0.000000018716739
823 0.000000018672393
824 0.000000018628211
825 0.000000018584191
826 0.000000018540333
827 0.000000018496635
828 0.000000018453097
829 0.000000018409718
830 0.000000018366498
831 0.000000018323434
832 0.000000018280528
833 0.000000018237777
834 0.000000018195181
835 0.000000018152740
836 0.000000018110451
837 0.000000018068315
838 0.000000018026331
839 0.000000017984497
840 0.000000017942813
841 0.000000017901278
842 0.000000017859891
843 0.000000017818651
844 0.000000017777557
845 0.000000017736609
846 0.000000017695804
847 0.000000017655144
848 0.000000017614625
849 0.000000017574248
850 0.000000017534012
851 0.000000017493915
852 0.000000017453958
853 0.000000017414138
854 0.000000017374455
855 0.000000017334908
856 0.000000017295496
857 0.000000017256218
858 0.000000017217074
859 0.000000017178062
860 0.000000017139181
861 0.000000017100431
862 0.000000017061811
863 0.000000017023320
864 0.000000016984956
865 0.000000016946720
866 0.000000016908609
867 0.000000016870624
868 0.000000016832763
869 0.000000016795026
870 0.000000016757411
871 0.000000016719918
872 0.000000016682545
873 0.000000016645293
874 0.000000016608159
875 0.000000016571143
876 0.000000016534244
877 0.000000016497461
878 0.000000016460794
879 0.000000016424242
880 0.000000016387802
881 0.000000016351476
882 0.000000016315262
883 0.000000016279159
884 0.000000016243166
885 0.000000016207282
886 0.000000016171507
887 0.000000016135841
888 0.000000016100281
889 0.000000016064827
890 0.000000016029480
891 0.000000015994237
892 0.000000015959098
893 0.000000015924062
894 0.000000015889129
895 0.000000015854298
896 0.000000015819568
897 0.000000015784938
898 0.000000015750409
899 0.000000015715978
900 0.000000015681646
901 0.000000015647412
902 0.000000015613275
903 0.000000015579235
904 0.000000015545290
905 0.000000015511441
906 0.000000015477687
907 0.000000015444027
908 0.000000015410461
909 0.000000015376988
910 0.000000015343607
911 0.000000015310319
912 0.000000015277122
913 0.000000015244017
914 0.000000015211002
915 0.000000015178077
916 0.000000015145243
917 0.000000015112497
918 0.000000015079841
919 0.000000015047273
920 0.000000015014794
921 0.000000014982402
922 0.000000014950097
923 0.000000014917880
924 0.000000014885750
925 0.000000014853706
926 0.000000014821748
927 0.000000014789876
928 0.000000014758089
929 0.000000014726388
930 0.000000014694771
931 0.000000014663240
932 0.000000014631792
933 0.000000014600429
934 0.000000014569150
935 0.000000014537955
936 0.000000014506844
937 0.000000014475816
938 0.000000014444871
939 0.000000014414009
940 0.000000014383229
941 0.000000014352533
942 0.000000014321919
943 0.000000014291387
944 0.000000014260938
945 0.000000014230570
946 0.000000014200285
947 0.000000014170081
948 0.000000014139958
949 0.000000014109917
950 0.000000014079958
951 0.000000014050079
952 0.000000014020282
953 0.000000013990566
954 0.000000013960930
955 0.000000013931375
956 0.000000013901901
957 0.000000013872508
958 0.000000013843194
959 0.000000013813962
960 0.000000013784810
961 0.000000013755738
962 0.000000013726746
963 0.000000013697834
964 0.000000013669003
965 0.000000013640251
966 0.000000013611580
967 0.000000013582988
968 0.000000013554476
969 0.000000013526045
970 0.000000013497693
971 0.000000013469420
972 0.000000013441228
973 0.000000013413115
974 0.000000013385081
975 0.000000013357128
976 0.000000013329253
977 0.000000013301458
978 0.000000013273742
979 0.000000013246105
980 0.000000013218547
981 0.000000013191068
982 0.000000013163668
983 0.000000013136346
984 0.000000013109104
985 0.000000013081940
986 0.000000013054854
987 0.000000013027846
988 0.000000013000917
989 0.000000012974066
990 0.000000012947292
991 0.000000012920597
992 0.000000012893979
993 0.000000012867439
994 0.000000012840976
995 0.000000012814590
996 0.000000012788282
997 0.000000012762051
998 0.000000012735897
999 0.000000012709819
1000 0.000000012683819
1001 0.000000012657894
1002 0.000000012632047
1003 0.000000012606275
1004 0.000000012580579
1005 0.000000012554960
1006 0.000000012529416
1007 0.000000012503948
1008 0.000000012478555
1009 0.000000012453237
1010 0.000000012427995
1011 0.000000012402827
1012 0.000000012377735
1013 0.000000012352716
1014 0.000000012327772
1015 0.000000012302903
1016 0.000000012278107
1017 0.000000012253385
1018 0.000000012228736
1019 0.000000012204161
1020 0.000000012179659
1021 0.000000012155230
1022 0.000000012130874
1023 0.000000012106590
1024 0.000000012082379
1025 0.000000012058240
1026 0.000000012034173
1027 0.000000012010177
1028 0.000000011986253
1029 0.000000011962400
1030 0.000000011938619
1031 0.000000011914908
1032 0.000000011891268
1033 0.000000011867699
1034 0.000000011844199
1035 0.000000011820770
1036 0.000000011797410
1037 0.000000011774120
1038 0.000000011750900
1039 0.000000011727748
1040 0.000000011704665
1041 0.000000011681651
1042 0.000000011658705
1043 0.000000011635827
1044 0.000000011613017
1045 0.000000011590275
1046 0.000000011567600
1047 0.000000011544993
1048 0.000000011522452
1049 0.000000011499978
1050 0.000000011477570
1051 0.000000011455228
1052 0.000000011432953
1053 0.000000011410743
1054 0.000000011388598
1055 0.000000011366518
1056 0.000000011344503
1057 0.000000011322553
1058 0.000000011300667
1059 0.000000011278845
1060 0.000000011257087
1061 0.000000011235392
1062 0.000000011213760
1063 0.000000011192192
1064 0.000000011170686
1065 0.000000011149242
1066 0.000000011127860
1067 0.000000011106541
1068 0.000000011085282
1069 0.000000011064085
1070 0.000000011042949
1071 0.000000011021873
1072 0.000000011000858
1073 0.000000010979903
1074 0.000000010959008
1075 0.000000010938172
1076 0.000000010917395
1077 0.000000010896677
1078 0.000000010876018
1079 0.000000010855417
1080 0.000000010834875
1081 0.000000010814390
1082 0.000000010793963
1083 0.000000010773593
1084 0.000000010753280
1085 0.000000010733024
1086 0.000000010712824
1087 0.000000010692681
1088 0.000000010672593
1089 0.000000010652561
1090 0.000000010632585
1091 0.000000010612663
1092 0.000000010592797
1093 0.000000010572985
1094 0.000000010553227
1095 0.000000010533524
1096 0.000000010513874
1097 0.000000010494278
1098 0.000000010474735
1099 0.000000010455245
1100 0.000000010435808
1101 0.000000010416423
1102 0.000000010397090
1103 0.000000010377809
1104 0.000000010358580
1105 0.000000010339402
1106 0.000000010320276
1107 0.000000010301200
1108 0.000000010282175
1109 0.000000010263199
1110 0.000000010244274
1111 0.000000010225399
1112 0.000000010206574
1113 0.000000010187797
1114 0.000000010169070
1115 0.000000010150391
1116 0.000000010131761
1117 0.000000010113179
1118 0.000000010094645
1119 0.000000010076159
1120 0.000000010057721
1121 0.000000010039330
1122 0.000000010020986
1123 0.000000010002689
1124 0.000000009984438
1125 0.000000009966234
1126 0.000000009948076
1127 0.000000009929964
1128 0.000000009911898
1129 0.000000009893877
1130 0.000000009875902
1131 0.000000009857972
1132 0.000000009840086
1133 0.000000009822246
1134 0.000000009804449
1135 0.000000009786697
1136 0.000000009768989
1137 0.000000009751325
1138 0.000000009733705
1139 0.000000009716128
1140 0.000000009698594
1141 0.000000009681103
1142 0.000000009663654
1143 0.000000009646249
1144 0.000000009628886
1145 0.000000009611565
1146 0.000000009594286
1147 0.000000009577049
1148 0.000000009559853
1149 0.000000009542699
1150 0.000000009525587
1151 0.000000009508515
1152 0.000000009491485
1153 0.000000009474495
1154 0.000000009457546
1155 0.000000009440637
1156 0.000000009423769
1157 0.000000009406941
1158 0.000000009390152
1159 0.000000009373404
1160 0.000000009356695
1161 0.000000009340026
1162 0.000000009323396
1163 0.000000009306806
1164 0.000000009290254
1165 0.000000009273741
1166 0.000000009257268
1167 0.000000009240833
1168 0.000000009224436
1169 0.000000009208078
1170 0.000000009191759
1171 0.000000009175477
1172 0.000000009159234
1173 0.000000009143028
1174 0.000000009126860
1175 0.000000009110730
1176 0.000000009094638
1177 0.000000009078583
1178 0.000000009062566
1179 0.000000009046586
1180 0.000000009030643
1181 0.000000009014737
1182 0.000000008998868
1183 0.000000008983036
1184 0.000000008967241
1185 0.000000008951483
1186 0.000000008935761
1187 0.000000008920075
1188 0.000000008904426
1189 0.000000008888814
1190 0.000000008873238
1191 0.000000008857698
1192 0.000000008842194
1193 0.000000008826726
1194 0.000000008811294
1195 0.000000008795897
1196 0.000000008780537
1197 0.000000008765212
1198 0.000000008749923
1199 0.000000008734670
1200 0.000000008719452
1201 0.000000008704269
1202 0.000000008689122
1203 0.000000008674010
1204 0.000000008658933
1205 0.000000008643891
1206 0.000000008628884
1207 0.000000008613912
1208 0.000000008598975
1209 0.000000008584073
1210 0.000000008569206
1211 0.000000008554374
1212 0.000000008539576
1213 0.000000008524813
1214 0.000000008510084
1215 0.000000008495390
1216 0.000000008480730
1217 0.000000008466105
1218 0.000000008451514
1219 0.000000008436957
1220 0.000000008422435
1221 0.000000008407947
1222 0.000000008393493
1223 0.000000008379073
1224 0.000000008364687
1225 0.000000008350335
1226 0.000000008336017
1227 0.000000008321733
1228 0.000000008307482
1229 0.000000008293266
1230 0.000000008279083
1231 0.000000008264934
1232 0.000000008250818
1233 0.000000008236736
1234 0.000000008222688
1235 0.000000008208673
1236 0.000000008194691
1237 0.000000008180743
1238 0.000000008166828
1239 0.000000008152946
1240 0.000000008139097
1241 0.000000008125282
1242 0.000000008111499
1243 0.000000008097750
1244 0.000000008084033
1245 0.000000008070349
1246 0.000000008056698
1247 0.000000008043080
1248 0.000000008029494
1249 0.000000008015941
1250 0.000000008002420
1251 0.000000007988932
1252 0.000000007975476
1253 0.000000007962053
1254 0.000000007948661
1255 0.000000007935302
1256 0.000000007921975
1257 0.000000007908680
1258 0.000000007895417
1259 0.000000007882186
1260 0.000000007868987
1261 0.000000007855820
1262 0.000000007842684
1263 0.000000007829580
1264 0.000000007816508
1265 0.000000007803467
1266 0.000000007790457
1267 0.000000007777479
1268 0.000000007764532
1269 0.000000007751617
1270 0.000000007738732
1271 0.000000007725879
1272 0.000000007713056
1273 0.000000007700265
1274 0.000000007687504
1275 0.000000007674774
1276 0.000000007662075
1277 0.000000007649406
1278 0.000000007636768
1279 0.000000007624160
1280 0.000000007611583
1281 0.000000007599036
1282 0.000000007586519
1283 0.000000007574032
1284 0.000000007561575
1285 0.000000007549149
1286 0.000000007536752
1287 0.000000007524385
1288 0.000000007512047
1289 0.000000007499739
1290 0.000000007487461
1291 0.000000007475212
1292 0.000000007462992
1293 0.000000007450802
1294 0.000000007438641
1295 0.000000007426509
1296 0.000000007414406
1297 0.000000007402332
1298 0.000000007390286
1299 0.000000007378270
1300 0.000000007366282
1301 0.000000007354322
1302 0.000000007342391
1303 0.000000007330488
1304 0.000000007318614
1305 0.000000007306768
1306 0.000000007294949
1307 0.000000007283159
1308 0.000000007271397
1309 0.000000007259662
1310 0.000000007247955
1311 0.000000007236276
1312 0.000000007224624
1313 0.000000007213000
1314 0.000000007201403
1315 0.000000007189833
1316 0.000000007178290
1317 0.000000007166775
1318 0.000000007155286
1319 0.000000007143824
1320 0.000000007132389
1321 0.000000007120980
1322 0.000000007109598
1323 0.000000007098243
1324 0.000000007086913
1325 0.000000007075610
1326 0.000000007064334
1327 0.000000007053083
1328 0.000000007041858
1329 0.000000007030660
1330 0.000000007019487
1331 0.000000007008340
1332 0.000000006997218
1333 0.000000006986122
1334 0.000000006975051
1335 0.000000006964006
1336 0.000000006952986
1337 0.000000006941991
1338 0.000000006931021
1339 0.000000006920076
1340 0.000000006909156
1341 0.000000006898261
1342 0.000000006887390
1343 0.000000006876545
1344 0.000000006865723
1345 0.000000006854926
1346 0.000000006844153
1347 0.000000006833405
1348 0.000000006822680
1349 0.000000006811980
1350 0.000000006801303
1351 0.000000006790650
1352 0.000000006780021
1353 0.000000006769416
1354 0.000000006758834
1355 0.000000006748276
1356 0.000000006737741
1357 0.000000006727229
1358 0.000000006716740
1359 0.000000006706275
1360 0.000000006695832
1361 0.000000006685413
1362 0.000000006675016
1363 0.000000006664642
1364 0.000000006654291
1365 0.000000006643962
1366 0.000000006633655
1367 0.000000006623371
1368 0.000000006613110
1369 0.000000006602870
1370 0.000000006592653
1371 0.000000006582458
1372 0.000000006572285
1373 0.000000006562133
1374 0.000000006552004
1375 0.000000006541896
1376 0.000000006531810
1377 0.000000006521745
1378 0.000000006511702
1379 0.000000006501681
1380 0.000000006491681
1381 0.000000006481702
1382 0.000000006471744
1383 0.000000006461808
1384 0.000000006451893
1385 0.000000006441998
1386 0.000000006432125
1387 0.000000006422272
1388 0.000000006412440
1389 0.000000006402629
1390 0.000000006392839
1391 0.000000006383069
1392 0.000000006373320
1393 0.000000006363591
1394 0.000000006353883
1395 0.000000006344195
1396 0.000000006334527
1397 0.000000006324879
1398 0.000000006315252
1399 0.000000006305645
1400 0.000000006296057
1401 0.000000006286490
1402 0.000000006276942
1403 0.000000006267414
1404 0.000000006257906
1405 0.000000006248418
1406 0.000000006238949
1407 0.000000006229500
1408 0.000000006220071
1409 0.000000006210660
1410 0.000000006201270
1411 0.000000006191898
1412 0.000000006182546
1413 0.000000006173214
1414 0.000000006163900
1415 0.000000006154605
1416 0.000000006145330
1417 0.000000006136074
1418 0.000000006126836
1419 0.000000006117618
1420 0.000000006108418
1421 0.000000006099237
1422 0.000000006090075
1423 0.000000006080932
1424 0.000000006071808
1425 0.000000006062702
1426 0.000000006053614
1427 0.000000006044545
1428 0.000000006035495
1429 0.000000006026463
1430 0.000000006017449
1431 0.000000006008454
1432 0.000000005999477
1433 0.000000005990519
1434 0.000000005981578
1435 0.000000005972656
1436 0.000000005963752
1437 0.000000005954866
1438 0.000000005945998
1439 0.000000005937148
1440 0.000000005928316
1441 0.000000005919501
1442 0.000000005910705
1443 0.000000005901927
1444 0.000000005893166
1445 0.000000005884423
1446 0.000000005875698
1447 0.000000005866991
1448 0.000000005858301
1449 0.000000005849629
1450 0.000000005840974
1451 0.000000005832337
1452 0.000000005823718
1453 0.000000005815116
1454 0.000000005806531
1455 0.000000005797964
1456 0.000000005789414
1457 0.000000005780882
1458 0.000000005772367
1459 0.000000005763869
1460 0.000000005755388
1461 0.000000005746925
1462 0.000000005738478
1463 0.000000005730049
1464 0.000000005721637
1465 0.000000005713242
1466 0.000000005704864
1467 0.000000005696503
1468 0.000000005688159
1469 0.000000005679832
1470 0.000000005671521
1471 0.000000005663228
1472 0.000000005654951
1473 0.000000005646691
1474 0.000000005638448
1475 0.000000005630222
1476 0.000000005622012
1477 0.000000005613819
1478 0.000000005605643
1479 0.000000005597483
1480 0.000000005589339
1481 0.000000005581212
1482 0.000000005573102
1483 0.000000005565008
1484 0.000000005556930
1485 0.000000005548869
1486 0.000000005540824
1487 0.000000005532796
1488 0.000000005524783
1489 0.000000005516787
1490 0.000000005508808
1491 0.000000005500844
1492 0.000000005492896
1493 0.000000005484965
1494 0.000000005477050
1495 0.000000005469150
1496 0.000000005461267
1497 0.000000005453400
1498 0.000000005445549
1499 0.000000005437713
1500 0.000000005429894
1501 0.000000005422090
1502 0.000000005414302
1503 0.000000005406530
1504 0.000000005398774
1505 0.000000005391034
1506 0.000000005383309
1507 0.000000005375600
1508 0.000000005367906
1509 0.000000005360228
1510 0.000000005352566
1511 0.000000005344919
1512 0.000000005337288
1513 0.000000005329672
1514 0.000000005322072
1515 0.000000005314487
1516 0.000000005306917
1517 0.000000005299363
1518 0.000000005291824
1519 0.000000005284300
1520 0.000000005276792
1521 0.000000005269298
1522 0.000000005261820
1523 0.000000005254357
1524 0.000000005246909
1525 0.000000005239476
1526 0.000000005232059
1527 0.000000005224656
1528 0.000000005217268
1529 0.000000005209895
1530 0.000000005202537
1531 0.000000005195194
1532 0.000000005187865
1533 0.000000005180551
1534 0.000000005173253
1535 0.000000005165968
1536 0.000000005158699
1537 0.000000005151444
1538 0.000000005144203
1539 0.000000005136978
1540 0.000000005129766
1541 0.000000005122570
1542 0.000000005115387
1543 0.000000005108219
1544 0.000000005101066
1545 0.000000005093927
1546 0.000000005086802
1547 0.000000005079691
1548 0.000000005072595
1549 0.000000005065512
1550 0.000000005058444
1551 0.000000005051390
1552 0.000000005044350
1553 0.000000005037324
1554 0.000000005030312
1555 0.000000005023315
1556 0.000000005016330
1557 0.000000005009360
1558 0.000000005002404
1559 0.000000004995461
1560 0.000000004988533
1561 0.000000004981618
1562 0.000000004974716
1563 0.000000004967829
1564 0.000000004960954
1565 0.000000004954094
1566 0.000000004947247
1567 0.000000004940413
1568 0.000000004933593
1569 0.000000004926787
1570 0.000000004919994
1571 0.000000004913214
1572 0.000000004906447
1573 0.000000004899694
1574 0.000000004892954
1575 0.000000004886227
1576 0.000000004879514
1577 0.000000004872813
1578 0.000000004866126
1579 0.000000004859452
1580 0.000000004852790
1581 0.000000004846142
1582 0.000000004839506
1583 0.000000004832884
1584 0.000000004826274
1585 0.000000004819678
1586 0.000000004813094
1587 0.000000004806522
1588 0.000000004799964
1589 0.000000004793418
1590 0.000000004786885
1591 0.000000004780365
1592 0.000000004773857
1593 0.000000004767361
1594 0.000000004760878
1595 0.000000004754408
1596 0.000000004747950
1597 0.000000004741505
1598 0.000000004735072
1599 0.000000004728651
1600 0.000000004722242
1601 0.000000004715846
1602 0.000000004709462
1603 0.000000004703090
1604 0.000000004696731
1605 0.000000004690383
1606 0.000000004684048
1607 0.000000004677725
1608 0.000000004671413
1609 0.000000004665114
1610 0.000000004658827
1611 0.000000004652551
1612 0.000000004646287
1613 0.000000004640036
1614 0.000000004633796
1615 0.000000004627568
1616 0.000000004621351
1617 0.000000004615146
1618 0.000000004608953
1619 0.000000004602772
1620 0.000000004596602
1621 0.000000004590444
1622 0.000000004584297
1623 0.000000004578162
1624 0.000000004572038
1625 0.000000004565926
1626 0.000000004559825
1627 0.000000004553736
1628 0.000000004547658
1629 0.000000004541591
1630 0.000000004535535
1631 0.000000004529491
1632 0.000000004523458
1633 0.000000004517436
1634 0.000000004511426
1635 0.000000004505426
1636 0.000000004499438
1637 0.000000004493460
1638 0.000000004487494
1639 0.000000004481539
1640 0.000000004475595
1641 0.000000004469661
1642 0.000000004463739
1643 0.000000004457827
1644 0.000000004451927
1645 0.000000004446037
1646 0.000000004440158
1647 0.000000004434290
1648 0.000000004428432
1649 0.000000004422586
1650 0.000000004416750
1651 0.000000004410924
1652 0.000000004405110
1653 0.000000004399306
1654 0.000000004393512
1655 0.000000004387729
1656 0.000000004381957
1657 0.000000004376195
1658 0.000000004370444
1659 0.000000004364703
1660 0.000000004358973
1661 0.000000004353253
1662 0.000000004347543
1663 0.000000004341844
1664 0.000000004336155
1665 0.000000004330476
1666 0.000000004324808
1667 0.000000004319150
1668 0.000000004313502
1669 0.000000004307864
1670 0.000000004302237
1671 0.000000004296619
1672 0.000000004291012
1673 0.000000004285415
1674 0.000000004279828
1675 0.000000004274251
1676 0.000000004268684
1677 0.000000004263128
1678 0.000000004257581
1679 0.000000004252044
1680 0.000000004246517
1681 0.000000004241000
1682 0.000000004235493
1683 0.000000004229996
1684 0.000000004224508
1685 0.000000004219031
1686 0.000000004213563
1687 0.000000004208105
1688 0.000000004202657
1689 0.000000004197219
1690 0.000000004191790
1691 0.000000004186371
1692 0.000000004180962
1693 0.000000004175562
1694 0.000000004170172
1695 0.000000004164791
1696 0.000000004159421
1697 0.000000004154059
1698 0.000000004148708
1699 0.000000004143366
1700 0.000000004138033
1701 0.000000004132710
1702 0.000000004127396
1703 0.000000004122092
1704 0.000000004116797
1705 0.000000004111512
1706 0.000000004106236
1707 0.000000004100969
1708 0.000000004095712
1709 0.000000004090464
1710 0.000000004085225
1711 0.000000004079996
1712 0.000000004074776
1713 0.000000004069565
1714 0.000000004064364
1715 0.000000004059171
1716 0.000000004053988
1717 0.000000004048814
1718 0.000000004043649
1719 0.000000004038494
1720 0.000000004033347
1721 0.000000004028210
1722 0.000000004023081
1723 0.000000004017962
1724 0.000000004012852
1725 0.000000004007750
1726 0.000000004002658
1727 0.000000003997575
1728 0.000000003992501
1729 0.000000003987436
1730 0.000000003982379
1731 0.000000003977332
1732 0.000000003972293
1733 0.000000003967264
1734 0.000000003962243
1735 0.000000003957231
1736 0.000000003952228
1737 0.000000003947234
1738 0.000000003942249
1739 0.000000003937272
1740 0.000000003932305
1741 0.000000003927346
1742 0.000000003922395
1743 0.000000003917454
1744 0.000000003912521
1745 0.000000003907597
1746 0.000000003902681
1747 0.000000003897775
1748 0.000000003892877
1749 0.000000003887987
1750 0.000000003883106
1751 0.000000003878234
1752 0.000000003873370
1753 0.000000003868515
1754 0.000000003863668
1755 0.000000003858830
1756 0.000000003854001
1757 0.000000003849179
1758 0.000000003844367
1759 0.000000003839563
1760 0.000000003834767
1761 0.000000003829980
1762 0.000000003825201
1763 0.000000003820430
1764 0.000000003815668
1765 0.000000003810914
1766 0.000000003806169
1767 0.000000003801432
1768 0.000000003796703
1769 0.000000003791982
1770 0.000000003787270
1771 0.000000003782566
1772 0.000000003777870
1773 0.000000003773182
1774 0.000000003768503
1775 0.000000003763832
1776 0.000000003759169
1777 0.000000003754514
1778 0.000000003749867
1779 0.000000003745228
1780 0.000000003740598
1781 0.000000003735975
1782 0.000000003731361
1783 0.000000003726755
1784 0.000000003722156
1785 0.000000003717566
1786 0.000000003712983
1787 0.000000003708409
1788 0.000000003703843
1789 0.000000003699284
1790 0.000000003694734
1791 0.000000003690191
1792 0.000000003685656
1793 0.000000003681129
1794 0.000000003676610
1795 0.000000003672099
1796 0.000000003667596
1797 0.000000003663100
1798 0.000000003658612
1799 0.000000003654132
1800 0.000000003649660
1801 0.000000003645195
1802 0.000000003640738
1803 0.000000003636289
1804 0.000000003631848
1805 0.000000003627414
1806 0.000000003622988
1807 0.000000003618569
1808 0.000000003614158
1809 0.000000003609755
1810 0.000000003605359
1811 0.000000003600971
1812 0.000000003596591
1813 0.000000003592218
1814 0.000000003587852
1815 0.000000003583494
1816 0.000000003579143
1817 0.000000003574800
1818 0.000000003570464
1819 0.000000003566136
1820 0.000000003561815
1821 0.000000003557502
1822 0.000000003553196
1823 0.000000003548897
1824 0.000000003544605
1825 0.000000003540321
1826 0.000000003536045
1827 0.000000003531775
1828 0.000000003527513
1829 0.000000003523258
1830 0.000000003519010
1831 0.000000003514770
1832 0.000000003510536
1833 0.000000003506310
1834 0.000000003502091
1835 0.000000003497880
1836 0.000000003493675
1837 0.000000003489478
1838 0.000000003485287
1839 0.000000003481104
1840 0.000000003476928
1841 0.000000003472758
1842 0.000000003468596
1843 0.000000003464441
1844 0.000000003460293
1845 0.000000003456152
1846 0.000000003452018
1847 0.000000003447891
1848 0.000000003443771
1849 0.000000003439657
1850 0.000000003435551
1851 0.000000003431452
1852 0.000000003427359
1853 0.000000003423273
1854 0.000000003419194
1855 0.000000003415122
1856 0.000000003411057
1857 0.000000003406999
1858 0.000000003402947
1859 0.000000003398902
1860 0.000000003394864
1861 0.000000003390833
1862 0.000000003386808
1863 0.000000003382790
1864 0.000000003378779
1865 0.000000003374774
1866 0.000000003370776
1867 0.000000003366785
1868 0.000000003362800
1869 0.000000003358822
1870 0.000000003354851
1871 0.000000003350886
1872 0.000000003346928
1873 0.000000003342976
1874 0.000000003339030
1875 0.000000003335092
1876 0.000000003331159
1877 0.000000003327234
1878 0.000000003323314
1879 0.000000003319401
1880 0.000000003315495
1881 0.000000003311595
1882 0.000000003307701
1883 0.000000003303814
1884 0.000000003299933
1885 0.000000003296059
1886 0.000000003292191
1887 0.000000003288329
1888 0.000000003284473
1889 0.000000003280624
1890 0.000000003276781
1891 0.000000003272944
1892 0.000000003269114
1893 0.000000003265290
1894 0.000000003261472
1895 0.000000003257660
1896 0.000000003253855
1897 0.000000003250055
1898 0.000000003246262
1899 0.000000003242475
1900 0.000000003238694
1901 0.000000003234920
1902 0.000000003231151
1903 0.000000003227389
1904 0.000000003223632
1905 0.000000003219882
1906 0.000000003216138
1907 0.000000003212399
1908 0.000000003208667
1909 0.000000003204941
1910 0.000000003201221
1911 0.000000003197507
1912 0.000000003193799
1913 0.000000003190096
1914 0.000000003186400
1915 0.000000003182710
1916 0.000000003179026
1917 0.000000003175347
1918 0.000000003171675
1919 0.000000003168008
1920 0.000000003164347
1921 0.000000003160693
1922 0.000000003157044
1923 0.000000003153400
1924 0.000000003149763
1925 0.000000003146132
1926 0.000000003142506
1927 0.000000003138886
1928 0.000000003135272
1929 0.000000003131664
1930 0.000000003128061
1931 0.000000003124464
1932 0.000000003120873
1933 0.000000003117288
1934 0.000000003113708
1935 0.000000003110135
1936 0.000000003106566
1937 0.000000003103004
1938 0.000000003099447
1939 0.000000003095896
1940 0.000000003092350
1941 0.000000003088811
1942 0.000000003085276
1943 0.000000003081748
1944 0.000000003078225
1945 0.000000003074707
1946 0.000000003071195
1947 0.000000003067689
1948 0.000000003064188
1949 0.000000003060693
1950 0.000000003057204
1951 0.000000003053720
1952 0.000000003050241
1953 0.000000003046768
1954 0.000000003043301
1955 0.000000003039839
1956 0.000000003036382
1957 0.000000003032931
1958 0.000000003029485
1959 0.000000003026045
1960 0.000000003022610
1961 0.000000003019181
1962 0.000000003015757
1963 0.000000003012339
1964 0.000000003008926
1965 0.000000003005518
1966 0.000000003002116
1967 0.000000002998719
1968 0.000000002995327
1969 0.000000002991941
1970 0.000000002988560
1971 0.000000002985185
1972 0.000000002981814
1973 0.000000002978450
1974 0.000000002975090
1975 0.000000002971736
1976 0.000000002968387
1977 0.000000002965043
1978 0.000000002961704
1979 0.000000002958371
1980 0.000000002955043
1981 0.000000002951720
1982 0.000000002948403
1983 0.000000002945090
1984 0.000000002941783
1985 0.000000002938481
1986 0.000000002935184
1987 0.000000002931892
1988 0.000000002928606
1989 0.000000002925325
1990 0.000000002922048
1991 0.000000002918777
1992 0.000000002915511
1993 0.000000002912250
1994 0.000000002908995
1995 0.000000002905744
1996 0.000000002902498
1997 0.000000002899258
1998 0.000000002896023
1999 0.000000002892792
