# k power
1.000000000000000048e-04 2.114386867353743582e+03
1.011591112223829728e-04 2.137908952814396343e+03
1.023316578330244966e-04 2.161692129750191725e+03
1.035177955630176228e-04 2.185739205010874684e+03
1.047176819485520245e-04 2.210053126600387714e+03
1.059314763518370031e-04 2.234636810134171355e+03
1.071593399822671198e-04 2.259493227532324909e+03
1.084014359178331018e-04 2.284625375649245598e+03
1.096579291267809898e-04 2.310036285211127051e+03
1.109289864895222780e-04 2.335729019691382291e+03
1.122147768207980290e-04 2.361706675534642727e+03
1.135154708920999033e-04 2.387972382747546817e+03
1.148312414543511137e-04 2.414529305125047813e+03
1.161622632608501891e-04 2.441380640653436330e+03
1.175087130904807617e-04 2.468529621857626807e+03
1.188707697711903309e-04 2.495979516167582915e+03
1.202486142037412301e-04 2.523733626285789342e+03
1.216424293857368039e-04 2.551795290558512534e+03
1.230524004359261579e-04 2.580167883350934062e+03
1.244787146187906256e-04 2.608854815426118876e+03
1.259215613694150942e-04 2.637859534328084465e+03
1.273811323186478520e-04 2.667185524766719027e+03
1.288576213185518003e-04 2.696836309014733615e+03
1.303512244681508938e-04 2.726815447283465801e+03
1.318621401394748458e-04 2.757126538163158784e+03
1.333905690039058638e-04 2.787773218978736168e+03
1.349367140588306430e-04 2.818759166061381620e+03
1.365007806546013845e-04 2.850088095891294870e+03
1.380829765218092263e-04 2.881763755720749032e+03
1.396835117988739626e-04 2.913789924110365064e+03
1.413025990599533599e-04 2.946170417454648486e+03
1.429404533431761061e-04 2.978909093068479706e+03
1.445972921792019463e-04 3.012009848913538008e+03
1.462733356201129868e-04 3.045476624148839164e+03
1.479688062686396383e-04 3.079313399543053038e+03
1.496839293077255632e-04 3.113524197878889481e+03
1.514189325304352018e-04 3.148113084385109687e+03
1.531740463702079740e-04 3.183084167159937351e+03
1.549495039314631646e-04 3.218441597603245555e+03
1.567455410205595065e-04 3.254189570850797281e+03
1.585623961771137158e-04 3.290332326213925171e+03
1.604003107056819902e-04 3.326874147622271721e+03
1.622595287078087002e-04 3.363819364070966913e+03
1.641402971144466361e-04 3.401172350072249174e+03
1.660428657187529582e-04 3.438937526110526960e+03
1.679674872092653225e-04 3.477119359103171519e+03
1.699144172034625999e-04 3.515722362863293711e+03
1.718839142817145534e-04 3.554751098568753150e+03
1.738762400216250527e-04 3.594210175235002680e+03
1.758916590327732731e-04 3.634104250191371193e+03
1.779304389918577296e-04 3.674438029561288658e+03
1.799928506782476454e-04 3.715216268761825177e+03
1.820791680099462359e-04 3.756443772930957493e+03
1.841896680799710861e-04 3.798125397631890337e+03
1.863246311931559835e-04 3.840266048824789323e+03
1.884843409033795474e-04 3.882870684204900044e+03
1.906690840512252085e-04 3.925944312871621605e+03
1.928791508020777693e-04 3.969491973698021866e+03
1.951148346846616412e-04 4.013518737802030046e+03
1.973764326300255292e-04 4.058029723108791131e+03
1.996642450109793374e-04 4.103030100987189144e+03
2.019785756819878484e-04 4.148525094452095800e+03
2.043197320195270594e-04 4.194519979378485004e+03
2.066880249629082160e-04 4.241020084809529180e+03
2.090837690555749911e-04 4.288030793460323366e+03
2.115072824868794756e-04 4.335557542216884940e+03
2.139588871343421563e-04 4.383605822621181687e+03
2.164389086064020347e-04 4.432181181371114690e+03
2.189476762856620634e-04 4.481289220819930051e+03
2.214855233726359179e-04 4.530935599480112614e+03
2.240527869300018224e-04 4.581126032531389683e+03
2.266498079273692845e-04 4.631866292332184457e+03
2.292769312865648647e-04 4.683162208934736555e+03
2.319345059274427543e-04 4.735019670604093335e+03
2.346228848142262321e-04 4.787444624341344934e+03
2.373424250023866149e-04 4.840443076409425885e+03
2.400934876860651764e-04 4.894021092863970807e+03
2.428764382460450548e-04 4.948184800088924021e+03
2.456916462982790305e-04 5.002940385329597120e+03
2.485394857429798422e-04 5.058294097244074692e+03
2.514203348142796828e-04 5.114252246446061690e+03
2.543345761304648361e-04 5.170821205986715540e+03
2.572825967447932359e-04 5.228007412290512548e+03
2.602647881969004482e-04 5.285817364306069976e+03
2.632815465648020189e-04 5.344257627985976796e+03
2.663332725174980963e-04 5.403334827120091177e+03
2.694203713681882413e-04 5.463055612381772335e+03
2.725432531281027707e-04 5.523426656209494467e+03
2.757023325609582747e-04 5.584454690843273966e+03
2.788980292380439777e-04 5.646146513235318707e+03
2.821307675939470740e-04 5.708508982894602923e+03
2.854009769829237591e-04 5.771549023672595467e+03
2.887090917359234400e-04 5.835273623781426977e+03
2.920555512182745244e-04 5.899689836399825253e+03
2.954407998880379709e-04 5.964804780136196314e+03
2.988652873550382482e-04 6.030625639512571979e+03
3.023294684405776131e-04 6.097159665455234972e+03
3.058338032378431388e-04 6.164414175781513222e+03
3.093787571730136510e-04 6.232396555690943387e+03
3.129648010670750265e-04 6.301114258257019173e+03
3.165924111983520412e-04 6.370574804920331189e+03
3.202620693657650080e-04 6.440785785983618553e+03
3.239742629528195514e-04 6.511754861107917350e+03
3.277294849923381931e-04 6.583489759810344367e+03
3.315282342319423150e-04 6.655998281963009504e+03
3.353710152002928996e-04 6.729288298292681247e+03
3.392583382740992125e-04 6.803367750885220630e+03
3.431907197459042598e-04 6.878244653679586918e+03
3.471686818926559680e-04 6.953927092995767453e+03
3.511927530450727588e-04 7.030423227989071165e+03
3.552634676578139260e-04 7.107741291209053088e+03
3.593813663804625697e-04 7.185889589292256460e+03
3.635469961293317630e-04 7.264876502020935732e+03
3.677609101601030626e-04 7.344710488757642452e+03
3.720236681413065759e-04 7.425400068423376979e+03
3.763358362286532656e-04 7.506953775122177831e+03
3.806979871402283821e-04 7.589380145863573489e+03
3.851107002325568655e-04 7.672687791724522867e+03
3.895745615775500948e-04 7.756885394281879599e+03
3.940901640403447737e-04 7.841981706031337126e+03
3.986581073580438726e-04 7.927985551527562166e+03
4.032789982193705223e-04 8.014905827248802780e+03
4.079534503452448896e-04 8.102751502117956989e+03
4.126820845702952015e-04 8.191531617780639863e+03
4.174655289253134888e-04 8.281255288947757435e+03
4.223044187206672164e-04 8.371931703719919824e+03
4.271993966306776428e-04 8.463570123911398696e+03
4.321511127789761839e-04 8.556179885369807380e+03
4.371602248248502198e-04 8.649770398292677783e+03
4.422273980505897289e-04 8.744351147540315651e+03
4.473533054498462949e-04 8.839931692944073802e+03
4.525386278170166862e-04 8.936521669612331607e+03
4.577840538376616304e-04 9.034130788230741018e+03
4.630902801799736631e-04 9.132768835359502191e+03
4.684580115873045137e-04 9.232445673725576853e+03
4.738879609717650920e-04 9.333171242512564277e+03
4.793808495089107069e-04 9.434955557636858430e+03
4.849374067335233355e-04 9.537808712053480122e+03
4.905583706365045484e-04 9.641740875947883978e+03
4.962444877628913436e-04 9.746762297207582378e+03
5.019965133110079530e-04 9.852883301378933538e+03
5.078152112327670659e-04 9.960114291688179947e+03
5.137013543351339135e-04 1.006846575327836581e+04
5.196557243827657369e-04 1.017794822500484588e+04
5.256791122018419265e-04 1.028857218185095007e+04
5.317723177850966487e-04 1.040034805385690561e+04
5.379361503980697925e-04 1.051328634507019706e+04
5.441714286865887004e-04 1.062739762396906735e+04
5.504789807854967333e-04 1.074269252632114876e+04
5.568596444286409188e-04 1.085918175477606201e+04
5.633142670601351629e-04 1.097687607857045259e+04
5.698437059469136636e-04 1.109578633352135512e+04
5.764488282925873171e-04 1.121592342181644563e+04
5.831305113526218760e-04 1.133729831186787123e+04
5.898896425508493501e-04 1.145992203812960361e+04
5.967271195973310833e-04 1.158380570090653237e+04
6.036438506075863814e-04 1.170896046614874285e+04
6.106407542232036075e-04 1.183539756523258256e+04
6.177187597338488134e-04 1.196312829472712474e+04
6.248788072006888211e-04 1.209216401614634378e+04
6.321218475812448011e-04 1.222251615568652051e+04
6.394488428556943443e-04 1.235419620394864069e+04
6.468607661546327617e-04 1.248721571564719852e+04
6.543586018883235361e-04 1.262158630930060463e+04
6.619433458774394430e-04 1.275731966690978697e+04
6.696160054853222054e-04 1.289442753361852920e+04
6.773775997517752102e-04 1.303292171735228658e+04
6.852291595284064167e-04 1.317281408847703096e+04
6.931717276155407569e-04 1.331411657930479305e+04
7.012063589007183975e-04 1.345684118397980455e+04
7.093341204987996815e-04 1.360099995750683593e+04
7.175560918936927952e-04 1.374660501552428832e+04
7.258733650817253023e-04 1.389366849442812054e+04
7.342870447166765678e-04 1.404220222281630413e+04
7.427982482564917787e-04 1.419221789019760035e+04
7.514081061116969704e-04 1.434372721447279582e+04
7.601177617955330547e-04 1.449674194686765441e+04
7.689283720758312941e-04 1.465127386898232180e+04
7.778411071286489781e-04 1.480733479203003844e+04
7.868571506936851423e-04 1.496493655551064694e+04
7.959777002314985571e-04 1.512409102591948431e+04
8.052039670825478267e-04 1.528481009544722110e+04
8.145371766280745229e-04 1.544710568063033134e+04
8.239785684528520143e-04 1.561098972097896331e+04
8.335293965098195066e-04 1.577647417757056064e+04
8.431909292866259040e-04 1.594357103161435043e+04
8.529644499741025759e-04 1.611229228298110866e+04
8.628512566366895297e-04 1.628264994870427836e+04
8.728526623848379762e-04 1.645465606144593039e+04
8.829699955494092365e-04 1.662832266793197414e+04
8.932045998580968784e-04 1.680366182735315670e+04
9.035578346138930074e-04 1.698068560973524654e+04
9.140310748756232161e-04 1.715940609426829542e+04
9.246257116405742597e-04 1.733983536762354925e+04
9.353431520292386373e-04 1.752198552218827172e+04
9.461848194722001460e-04 1.770586865432895866e+04
9.571521538991865398e-04 1.789149686272270992e+04
9.682466119303123836e-04 1.807888224555143825e+04
9.794696670695395360e-04 1.826803690254668618e+04
9.908228099003797609e-04 1.845897292124697196e+04
1.002307548283865382e-03 1.865170240118453148e+04
1.013925407558815411e-03 1.884623732018980445e+04
1.025677930744421868e-03 1.904258900962064945e+04
1.037566678745185890e-03 1.924076850409729013e+04
1.049593230558227598e-03 1.944078676276996339e+04
1.061759183483000071e-03 1.964265469800876963e+04
1.074066153333433447e-03 1.984638315478769800e+04
1.086515774652538433e-03 2.005198291419760426e+04
1.099109700929497193e-03 2.025946468824623662e+04
1.111849604819271095e-03 2.046883911694869676e+04
1.124737178364752007e-03 2.068011676497697044e+04
1.137774133221491381e-03 2.089330811822037867e+04
1.150962200885032299e-03 2.110842358036691076e+04
1.164303132920876775e-03 2.132547346939857380e+04
1.177798701197119331e-03 2.154446801404831058e+04
1.191450698119775895e-03 2.176541735021171553e+04
1.205260936870842505e-03 2.198833151729659949e+04
1.219231251649110712e-03 2.221322045453684768e+04
1.233363497913775872e-03 2.244009399724907053e+04
1.247659552630869806e-03 2.266896187304252453e+04
1.262121314522547276e-03 2.289983369798009517e+04
1.276750704319265777e-03 2.313271897268175599e+04
1.291549665014883998e-03 2.336762707842846430e+04
1.306520162124721234e-03 2.360456727304532251e+04
1.321664183946605082e-03 2.384354868717970385e+04
1.336983741824946661e-03 2.408458031976820348e+04
1.352480870417875451e-03 2.432767103344541829e+04
1.368157627967471913e-03 2.457282955682744432e+04
1.384016096573131502e-03 2.482006445041276675e+04
1.400058382468097589e-03 2.506938419915138365e+04
1.416286616299198848e-03 2.532079680711173205e+04
1.432702953409831009e-03 2.557430927029097074e+04
1.449309574126216591e-03 2.582992794116952427e+04
1.466108684046984459e-03 2.608765896663563763e+04
1.483102514336104337e-03 2.634750826736650561e+04
1.500293322019218348e-03 2.660948151656398841e+04
1.517683390283405343e-03 2.687358414558990626e+04
1.535275028780422714e-03 2.713982133310727659e+04
1.553070573933460147e-03 2.740819800067865071e+04
1.571072389247450424e-03 2.767871880637880167e+04
1.589282865622978049e-03 2.795138813875292908e+04
1.607704421673823627e-03 2.822621011072732290e+04
1.626339504048192157e-03 2.850318855342593088e+04
1.645190587753662514e-03 2.878232700997509892e+04
1.664260176485903671e-03 2.906362872925194824e+04
1.683550802961202323e-03 2.934709665959520498e+04
1.703065029252844422e-03 2.963273344247794375e+04
1.722805447131393972e-03 2.992054140614339121e+04
1.742774678408919205e-03 3.021052255919932941e+04
1.762975375287205784e-03 3.050267858418125616e+04
1.783410220710008025e-03 3.079701083107956219e+04
1.804081928719382779e-03 3.109352031088048898e+04
1.824993244816152391e-03 3.139220768880513060e+04
1.846146946324547485e-03 3.169307327857525888e+04
1.867545842761075955e-03 3.199611703358466912e+04
1.889192776207666326e-03 3.230133854442184020e+04
1.911090621689137941e-03 3.260873703116826437e+04
1.933242287555045260e-03 3.291831130504694011e+04
1.955650715865949168e-03 3.323005992763111135e+04
1.978318882784164089e-03 3.354398034483841184e+04
2.001249798969036847e-03 3.386006829388205369e+04
2.024446509976803900e-03 3.417831825012247282e+04
2.047912096665085481e-03 3.449872430958531186e+04
2.071649675602069141e-03 3.482128002285453840e+04
2.095662399480432980e-03 3.514597841211220657e+04
2.119953457536071038e-03 3.547281196732784883e+04
2.144526075971667656e-03 3.580177263232754194e+04
2.169383518385184159e-03 3.613285179919806251e+04
2.194529086203313769e-03 3.646604029902527691e+04
2.219966119119954652e-03 3.680132839386508567e+04
2.245697995539773940e-03 3.713870576844712195e+04
2.271728133026905232e-03 3.747816152194874303e+04
2.298059988758851136e-03 3.781968415982254373e+04
2.324697059985648094e-03 3.816326158564554498e+04
2.351642884494348565e-03 3.850888109302638622e+04
2.378901041078893431e-03 3.885652935755876388e+04
2.406475150015424062e-03 3.920619242883415427e+04
2.434368873543110365e-03 3.955785572251096892e+04
2.462585916350546866e-03 3.991150401244145178e+04
2.491130026067788373e-03 4.026712142290839256e+04
2.520004993764092018e-03 4.062469142087901128e+04
2.549214654451422910e-03 4.098419680820595386e+04
2.578762887593801043e-03 4.134561971519221697e+04
2.608653617622547997e-03 4.170894158869625971e+04
2.638890814457510187e-03 4.207414319798142242e+04
2.669478494034320699e-03 4.244120459888357436e+04
2.700420718837772543e-03 4.281010515480482718e+04
2.731721598441376204e-03 4.318082362233370077e+04
2.763385290053169997e-03 4.355333677063123469e+04
2.795415999067856535e-03 4.392761808945414668e+04
2.827817979625341181e-03 4.430363904580785311e+04
2.860595535175741895e-03 4.468137066935015173e+04
2.893753019050950264e-03 4.506078342925227480e+04
2.927294835042816134e-03 4.544184692717323196e+04
2.961225437988034351e-03 4.582453137871911895e+04
2.995549334359812969e-03 4.620880803070354159e+04
3.030271082866396216e-03 4.659464772696028376e+04
3.065395295056526793e-03 4.698201816722554940e+04
3.100926635931926852e-03 4.737088265733455773e+04
3.136869824566876613e-03 4.776120336228318774e+04
3.173229634734976452e-03 4.815294345773058740e+04
3.210010895543171858e-03 4.854606682324832218e+04
3.247218492073128838e-03 4.894053645951614453e+04
3.284857366030043482e-03 4.933631298534292000e+04
3.322932516398971556e-03 4.973335452804937813e+04
3.361449000108765288e-03 5.013161831582500599e+04
3.400411932703706255e-03 5.053106100281723047e+04
3.439826489022924580e-03 5.093163858621132385e+04
3.479697903887691603e-03 5.133330564045836218e+04
3.520031472796678832e-03 5.173601460449272417e+04
3.560832552629277729e-03 5.213971597976850899e+04
3.602106562357070083e-03 5.254435952892217028e+04
3.643858983763544404e-03 5.294989508924825350e+04
3.686095362172158059e-03 5.335627201683594467e+04
3.728821307182833642e-03 5.376343775706701854e+04
3.772042493416997554e-03 5.417133724208860804e+04
3.815764661271248397e-03 5.457991351030156511e+04
3.859993617679767074e-03 5.498910814193584520e+04
3.904735236885560103e-03 5.539886039720098779e+04
3.949995461220642823e-03 5.580910801845337119e+04
3.995780301895269192e-03 5.621978839597450860e+04
4.042095839796309639e-03 5.663083878853329225e+04
4.088948226294864159e-03 5.704219558097976551e+04
4.136343684063278035e-03 5.745379352673972608e+04
4.184288507901584922e-03 5.786556552895568893e+04
4.232789065573553354e-03 5.827744324481794320e+04
4.281851798652415615e-03 5.868935517780627561e+04
4.331483223376403000e-03 5.910122656714558252e+04
4.381689931514195016e-03 5.951298121293378063e+04
4.432478591240400501e-03 5.992454158089018892e+04
4.483855948021191196e-03 6.033582872960005625e+04
4.535828825510191016e-03 6.074676289617677685e+04
4.588404126454761513e-03 6.115726535327809688e+04
4.641588833612782412e-03 6.156725846388535138e+04
4.695390010680062544e-03 6.197666210335403593e+04
4.749814803228504315e-03 6.238538915455491951e+04
4.804870439655133628e-03 6.279334800716191239e+04
4.860564232142139222e-03 6.320044617519340682e+04
4.916903577628031589e-03 6.360659165426917025e+04
4.973895958790068052e-03 6.401169217062381358e+04
5.031548945038056761e-03 6.441565408191015740e+04
5.089870193519685330e-03 6.481838245545498648e+04
5.148867450137497269e-03 6.521978135105325782e+04
5.208548550577665401e-03 6.561975198706568335e+04
5.268921421350676766e-03 6.601819175198404992e+04
5.329994080844092930e-03 6.641499556677424698e+04
5.391774640387505396e-03 6.681005733633344062e+04
5.454271305329836186e-03 6.720326943928148830e+04
5.517492376129128420e-03 6.759452311346304487e+04
5.581446249454966556e-03 6.798370826064921857e+04
5.646141419303672866e-03 6.837071364834954147e+04
5.711586478126434545e-03 6.875542652970174095e+04
5.777790117970507157e-03 6.913773079863550083e+04
5.844761131633637551e-03 6.951750556521156977e+04
5.912508413831881436e-03 6.989462877870326338e+04
5.981040962380944001e-03 7.026897804212024494e+04
6.050367879391223974e-03 7.064043065935463528e+04
6.120498372476702517e-03 7.100886244820148568e+04
6.191441755977847815e-03 7.137414607910340419e+04
6.263207452198692356e-03 7.173615097172823153e+04
6.335804992658253774e-03 7.209474576802790398e+04
6.409244019356457114e-03 7.244979809336824110e+04
6.483534286054726779e-03 7.280117516540264478e+04
6.558685659571435525e-03 7.314874168603775615e+04
6.634708121092351002e-03 7.349235746077881777e+04
6.711611767496287149e-03 7.383187869862110529e+04
6.789406812696112230e-03 7.416716170174526633e+04
6.868103588995307790e-03 7.449806399083738506e+04
6.947712548460239883e-03 7.482444373543710390e+04
7.028244264308352446e-03 7.514615547886282729e+04
7.109709432312438099e-03 7.546304781476245262e+04
7.192118872221192789e-03 7.577496669344394468e+04
7.275483529196232965e-03 7.608175867433218809e+04
7.359814475265771296e-03 7.638327140400130884e+04
7.445122910795143496e-03 7.667935290979201091e+04
7.531420165974375344e-03 7.696984750989901659e+04
7.618717702322998914e-03 7.725459464678596123e+04
7.707027114212303652e-03 7.753343280693932320e+04
7.796360130405236531e-03 7.780620043108504615e+04
7.886728615614155974e-03 7.807273590248379332e+04
7.978144572076628638e-03 7.833287756475660717e+04
8.070620141149507584e-03 7.858646090024508885e+04
8.164167604921472240e-03 7.883331840095526422e+04
8.258799387844271284e-03 7.907328275845877943e+04
8.354528058382871408e-03 7.930618557300462271e+04
8.451366330684721012e-03 7.953185808746844123e+04
8.549327066268383804e-03 7.975013156185844855e+04
8.648423275731726215e-03 7.996083569645001262e+04
8.748668120479913615e-03 8.016379912132628669e+04
8.850074914473439122e-03 8.035885138201598602e+04
8.952657125996400095e-03 8.054582104749968858e+04
9.056428379445294677e-03 8.072453754026140086e+04
9.161402457138520528e-03 8.089482966898028099e+04
9.267593301146882789e-03 8.105652359701375826e+04
9.375015015145289968e-03 8.120944445885394816e+04
9.483681866285927423e-03 8.135342018252842536e+04
9.593608287093146128e-03 8.148828200066596037e+04
9.704808877380306092e-03 8.161386431545254891e+04
9.817298406188841586e-03 8.172999931268421642e+04
9.931091813749801447e-03 8.183651545648655156e+04
1.004620421346813161e-02 8.193324116459533980e+04
1.016265089392995140e-02 8.202000917347664654e+04
1.028044732093309765e-02 8.209665686535445275e+04
1.039960913954120388e-02 8.216302536682112259e+04
1.052015217616159015e-02 8.221895449677805300e+04
1.064209244064724669e-02 8.226428319556073984e+04
1.076544612842315896e-02 8.229885310474790458e+04
1.089022962263730583e-02 8.232251098126603756e+04
1.101645949633657008e-02 8.233510880925960373e+04
1.114415251466788215e-02 8.233650284052628558e+04
1.127332563710487130e-02 8.232654898961682920e+04
1.140399601970033122e-02 8.230510455968331371e+04
1.153618101736478448e-02 8.227203157118805393e+04
1.166989818617147553e-02 8.222719786199841474e+04
1.180516528568805595e-02 8.217047709042651695e+04
1.194200028133532432e-02 8.210174834214875591e+04
1.208042134677328981e-02 8.202089575551328016e+04
1.222044686631488727e-02 8.192780927051247272e+04
1.236209543736769070e-02 8.182238408037982299e+04
1.250538587290391315e-02 8.170451947762673080e+04
1.265033720395903824e-02 8.157412002877909981e+04
1.279696868215941634e-02 8.143109871896337427e+04
1.294529978227916024e-02 8.127538003538595513e+04
1.309535020482667685e-02 8.110689733062489540e+04
1.324713987866117486e-02 8.092559008841912146e+04
1.340068896363950761e-02 8.073140367412877094e+04
1.355601785329368925e-02 8.052429046719161852e+04
1.371314717753945554e-02 8.030421295193930564e+04
1.387209780541620932e-02 8.007114518310109270e+04
1.403289084785873213e-02 7.982507011406814854e+04
1.419554766050101606e-02 7.956598169939461513e+04
1.436008984651260603e-02 7.929388666457928775e+04
1.452653925946781159e-02 7.900880042556970147e+04
1.469491800624817164e-02 7.871075263092917157e+04
1.486524844997857107e-02 7.839978662845412327e+04
1.503755321299738400e-02 7.807595536740195530e+04
1.521185517986104775e-02 7.773932220409515139e+04
1.538817750038346324e-02 7.738996119817656290e+04
1.556654359271062056e-02 7.702795583178324159e+04
1.574697714643086624e-02 7.665341419970565767e+04
1.592950212572123020e-02 7.626646085259268875e+04
1.611414277253019750e-02 7.586723172062430240e+04
1.630092360979741237e-02 7.545587713431856537e+04
1.648986944471064753e-02 7.503256095560140966e+04
1.668100537200059227e-02 7.459745594934640394e+04
1.687435677727375585e-02 7.415075843959885242e+04
1.706994934038407949e-02 7.369267441978775605e+04
1.726780903884355886e-02 7.322342696253301983e+04
1.746796215127245644e-02 7.274326346104615368e+04
1.767043526088946798e-02 7.225244795845354383e+04
1.787525525904235316e-02 7.175125279771666101e+04
1.808244934877951612e-02 7.123997514207236236e+04
1.829204504846293836e-02 7.071891648142930353e+04
1.850407019542302245e-02 7.018840036137159041e+04
1.871855294965579092e-02 6.964877539940633869e+04
1.893552179756295348e-02 6.910040174896070675e+04
1.915500555573527997e-02 6.854365020020976954e+04
1.937703337477988952e-02 6.797891621293080971e+04
1.960163474319185847e-02 6.740659425708944036e+04
1.982883949127071249e-02 6.682710882249988208e+04
2.005867779508234069e-02 6.624090885167689703e+04
2.029118018046677935e-02 6.564844819523247133e+04
2.052637752709252084e-02 6.505019473217346967e+04
2.076430107255774690e-02 6.444663488907653664e+04
2.100498241653915230e-02 6.383824993389195879e+04
2.124845352498882720e-02 6.322554846787638962e+04
2.149474673437980557e-02 6.260904958750981314e+04
2.174389475600079988e-02 6.198927580243195553e+04
2.199593068030074663e-02 6.136678900116885052e+04
2.225088798128369363e-02 6.074217436532734428e+04
2.250880052095461867e-02 6.011598940509718523e+04
2.276970255381680075e-02 5.948874258273386658e+04
2.303362873142131284e-02 5.886088781555125752e+04
2.330061410696924670e-02 5.823297730896370922e+04
2.357069413996727703e-02 5.760586705530188192e+04
2.384390470093720321e-02 5.698054131421005150e+04
2.412028207618006903e-02 5.635749533274963323e+04
2.439986297259550199e-02 5.573630527213903406e+04
2.468268452255692469e-02 5.511613982621677133e+04
2.496878428884326609e-02 5.449684678323418484e+04
2.525820026962784584e-02 5.387941871724783414e+04
2.555097090352506997e-02 5.326503342282542144e+04
2.584713507469563881e-02 5.265480703796257876e+04
2.614673211801091940e-02 5.204980137137522252e+04
2.644980182427720053e-02 5.145101844802197593e+04
2.675638444552045150e-02 5.085926595903163980e+04
2.706652070033241375e-02 5.027508160564902209e+04
2.738025177927857698e-02 4.969896552209853689e+04
2.769761935036891068e-02 4.913143519287550589e+04
2.801866556459195468e-02 4.857301798378327658e+04
2.834343306151309444e-02 4.802421138718222937e+04
2.867196497493769772e-02 4.748543958889511850e+04
2.900430493863991738e-02 4.695705579981214396e+04
2.934049709215787172e-02 4.643939015934708004e+04
2.968058608665602449e-02 4.593268381569281337e+04
3.002461709085549324e-02 4.543713689201242960e+04
3.037263579703311511e-02 4.495290399290705682e+04
3.072468842709003348e-02 4.448006140367608168e+04
3.108082173869063797e-02 4.401862207015605964e+04
3.144108303147264555e-02 4.356858147547364933e+04
3.180552015332920035e-02 4.312982203251524334e+04
3.217418150676371741e-02 4.270220307726763713e+04
3.254711605531847990e-02 4.228553880692800885e+04
3.292437333007768724e-02 4.187956961688196316e+04
3.330600343624588733e-02 4.148400034999056516e+04
3.369205705980267418e-02 4.109852741554730164e+04
3.408258547423451829e-02 4.072278552200148260e+04
3.447764054734463873e-02 4.035641615838184953e+04
3.487727474814177747e-02 3.999898403322441300e+04
3.528154115380883332e-02 3.964993640685478022e+04
3.569049345675229939e-02 3.930872431702067843e+04
3.610418597173337130e-02 3.897500106375750329e+04
3.652267364308175307e-02 3.864870612365005945e+04
3.694601205199302130e-02 3.832980358379251265e+04
3.737425742391064371e-02 3.801770392346967856e+04
3.780746663599349189e-02 3.771110636398876522e+04
3.824569722466999305e-02 3.740905473325256025e+04
3.868900739327975347e-02 3.711279834910816862e+04
3.913745601980384015e-02 3.682566037679492729e+04
3.959110266468458816e-02 3.655035670950975327e+04
4.005000757873611317e-02 3.628460312473383965e+04
4.051423171114647281e-02 3.602261748433987668e+04
4.098383671757261509e-02 3.575880784467510239e+04
4.145888496832911274e-02 3.548807943422450626e+04
4.193943955667186335e-02 3.520969540934450924e+04
4.242556430717776828e-02 3.492516245622597489e+04
4.291732378422157684e-02 3.463644857604411663e+04
4.341478330055092288e-02 3.434458640685143473e+04
4.391800892596085804e-02 3.404889081440964219e+04
4.442706749606882555e-02 3.374753862077523809e+04
4.494202662119142072e-02 3.343883994543992594e+04
4.546295469532399269e-02 3.312153578746342100e+04
4.598992090522438514e-02 3.279487090956955944e+04
4.652299523960189143e-02 3.245833655529532916e+04
4.706224849841281199e-02 3.211140598287698958e+04
4.760775230226368254e-02 3.175357468524513024e+04
4.815957910192350533e-02 3.138436112191393477e+04
4.871780218794630885e-02 3.100332009213915080e+04
4.928249570040513228e-02 3.061024888366751838e+04
4.985373463873893352e-02 3.020518763929155102e+04
5.043159487171358646e-02 2.978827229353165603e+04
5.101615314749833457e-02 2.935973267267366828e+04
5.160748710385907462e-02 2.892007179224912761e+04
5.220567527846975420e-02 2.846984219168756681e+04
5.281079711934331261e-02 2.800971368655921469e+04
5.342293299538352497e-02 2.754056982874119421e+04
5.404216420705915125e-02 2.706341493320234440e+04
5.466857299720180585e-02 2.657926253218241254e+04
5.530224256192900478e-02 2.608934950797227066e+04
5.594325706169377826e-02 2.559492565497156829e+04
5.659170163246242391e-02 2.509729297494643833e+04
5.724766239702178822e-02 2.459785974751887625e+04
5.791122647641758214e-02 2.409806667653330078e+04
5.858248200152536139e-02 2.359933717386706121e+04
5.926151812475552449e-02 2.310324341106633437e+04
5.994842503189409116e-02 2.261127153472174905e+04
6.064329395408061402e-02 2.212497503265912019e+04
6.134621717992506246e-02 2.164592444509779307e+04
6.205728806776500406e-02 2.117563292149857443e+04
6.277660105806499857e-02 2.071562722069839583e+04
6.350425168595962011e-02 2.026739193508043900e+04
6.424033659394190465e-02 1.983231624883301265e+04
6.498495354469888130e-02 1.941172414145638322e+04
6.573820143409585259e-02 1.900681410373797553e+04
6.650018030431117944e-02 1.861861324741628414e+04
6.727099135712336087e-02 1.824799062129927552e+04
6.805073696735206012e-02 1.789560993828831852e+04
6.883952069645496441e-02 1.756189642149207066e+04
6.963744730628222690e-02 1.724706073637965164e+04
7.044462277299036457e-02 1.695106084794170602e+04
7.126115430111745752e-02 1.667360117724138399e+04
7.208715033782135684e-02 1.641417817084631315e+04
7.292272058728312134e-02 1.617205521914625388e+04
7.376797602527730702e-02 1.594628959537623268e+04
7.462302891391107973e-02 1.573578467780047322e+04
7.548799281653431614e-02 1.553926530019653546e+04
7.636298261282241373e-02 1.535531381481673270e+04
7.724811451403400253e-02 1.518241781406902555e+04
7.814350607844541829e-02 1.501887432646316847e+04
7.904927622696419909e-02 1.486290676672651534e+04
7.996554525892346499e-02 1.471259952351628090e+04
8.089243486805938743e-02 1.456590589966138941e+04
8.183006815867389927e-02 1.442068466148514926e+04
8.277856966198472721e-02 1.427470820998049203e+04
8.373806535266489770e-02 1.412569692596812092e+04
8.470868266557401993e-02 1.397142193405990474e+04
8.569055051268346934e-02 1.380973828144593972e+04
8.668379930019773361e-02 1.363872924180955488e+04
8.768856094587426653e-02 1.345680239263411568e+04
8.870496889654402861e-02 1.326274205370642085e+04
8.973315814583519845e-02 1.305585110779776915e+04
9.077326525210223374e-02 1.283598429324242716e+04
9.182542835656282154e-02 1.260351342746196497e+04
9.288978720164497993e-02 1.235933455948747905e+04
9.396648314954690606e-02 1.210480152258852468e+04
9.505565920101191613e-02 1.184159314937946692e+04
9.615746001432096124e-02 1.157161841571004152e+04
9.727203192450536995e-02 1.129692673033698338e+04
9.839952296278225985e-02 1.101960426853864737e+04
9.954008287621518569e-02 1.074172483277944411e+04
1.006938631476027024e-01 1.046533230823452868e+04
1.018610170155975214e-01 1.019244083644077000e+04
1.030416994950587445e-01 9.925051239696196717e+03
1.042360673976401170e-01 9.665155783381873334e+03
1.054442793526168404e-01 9.414716559215621601e+03
1.066664958279538722e-01 9.175614942146576141e+03
1.079028791516183639e-01 8.949562457672498567e+03
1.091535935331391094e-01 8.737986242567674708e+03
1.104188050854160164e-01 8.541908525980295963e+03
1.116986818467822634e-01 8.361828850557512851e+03
1.129933938033221702e-01 8.197662832935704500e+03
1.143031129114478600e-01 8.048734108734349320e+03
1.156280131207375328e-01 7.913818520548965353e+03
1.169682703970384707e-01 7.791232926662714817e+03
1.183240627458378019e-01 7.678958422874485223e+03
1.196955702359042834e-01 7.574790070513474348e+03
1.210829750232039481e-01 7.476454907183248906e+03
1.224864613750930725e-01 7.381695418929004518e+03
1.239062156947915577e-01 7.288325050581626783e+03
1.253424265461399456e-01 7.194259452604771468e+03
1.267952846786433996e-01 7.097537410438772895e+03
1.282649830528059809e-01 6.996362900820030518e+03
1.297517168657586761e-01 6.889181119024077816e+03
1.312556835771842845e-01 6.774774579862296378e+03
1.327770829355429116e-01 6.652374989949393239e+03
1.343161170046015263e-01 6.521763451163762511e+03
1.358729901902709092e-01 6.383322613117721630e+03
1.374479092677536596e-01 6.238018537000753895e+03
1.390410834090069769e-01 6.087321470208274150e+03
1.406527242105236331e-01 5.933069056152713529e+03
1.422830457214351862e-01 5.777326135639823406e+03
1.439322644719406574e-01 5.622236758556676250e+03
1.456005995020648591e-01 5.469900794093604418e+03
1.472882723907501801e-01 5.322341497335683925e+03
1.489955072852853779e-01 5.181303552337560177e+03
1.507225309310755434e-01 5.048190116935998958e+03
1.524695727017572888e-01 4.924263432867744996e+03
1.542368646296627399e-01 4.810335566465140801e+03
1.560246414366368017e-01 4.706175619891122551e+03
1.578331405652116382e-01 4.611215515282146043e+03
1.596626022101425013e-01 4.524926039972114268e+03
1.615132693503091299e-01 4.445927013470207385e+03
1.633853877809862132e-01 4.372236087385452265e+03
1.652792061464895546e-01 4.301947165771072832e+03
1.671949759731990170e-01 4.233288117622387290e+03
1.691329517029648843e-01 4.164601597832853258e+03
1.710933907269015231e-01 4.094308985427619064e+03
1.730765534195725930e-01 4.021085548370137076e+03
1.750827031735725237e-01 3.944232044079612933e+03
1.771121064345088647e-01 3.863510175308109410e+03
1.791650327363901452e-01 3.778730146737018913e+03
1.812417547374237659e-01 3.690351504826448036e+03
1.833425482562290598e-01 3.599633789524142685e+03
1.854676923084699336e-01 3.507860566443133393e+03
1.876174691439121411e-01 3.416321570323963897e+03
1.897921642839101308e-01 3.326500554864285732e+03
1.919920665593284892e-01 3.239910714299950541e+03
1.942174681489026444e-01 3.157873938905121577e+03
1.964686646180446583e-01 3.080944956402342086e+03
1.987459549580983809e-01 3.009181268557261319e+03
2.010496416260499075e-01 2.942572678974521750e+03
2.033800305846981960e-01 2.880828520867692987e+03
2.057374313432913659e-01 2.823016310215369685e+03
2.081221569986339281e-01 2.768135321342849693e+03
2.105345242766706038e-01 2.715236991910762754e+03
2.129748535745520921e-01 2.663247958008993010e+03
2.154434690031884481e-01 2.611031576697633682e+03
2.179406984302955930e-01 2.557594907720257197e+03
2.204668735239409816e-01 2.502419160126354654e+03
2.230223297965938656e-01 2.445775316395146092e+03
2.256074066496861485e-01 2.387951520431446170e+03
2.282224474186898555e-01 2.329390696216063134e+03
2.308677994187169624e-01 2.270883552429952488e+03
2.335438139906479416e-01 2.213395992761199068e+03
2.362508465477947683e-01 2.157733470541924362e+03
2.389892566231050230e-01 2.104416669464483221e+03
2.417594079169130827e-01 2.053693557442974907e+03
2.445616683452446483e-01 2.005809686917039244e+03
2.473964100886814066e-01 1.960691875370426487e+03
2.502640096417919069e-01 1.917824232791125496e+03
2.531648478631355337e-01 1.876552333818443003e+03
2.560993100258459609e-01 1.836307159846513514e+03
2.590677858688008595e-01 1.796594048301358498e+03
2.620706696483852682e-01 1.756975719739043825e+03
2.651083601908538756e-01 1.717056820093850547e+03
2.681812609453015361e-01 1.676740548341183512e+03
2.712897800372467416e-01 1.636353058031353839e+03
2.744343303228365394e-01 1.596234513834390555e+03
2.776153294436801144e-01 1.556711805970249998e+03
2.808331998823172526e-01 1.518137662792911897e+03
2.840883690183304000e-01 1.480875943380050330e+03
2.873812691851066470e-01 1.445198806339367138e+03
2.907123377272578524e-01 1.411124265291244910e+03
2.940820170587063465e-01 1.378363801961802437e+03
2.974907547214440395e-01 1.346652718932816470e+03
3.009390034449720974e-01 1.315740318445712546e+03
3.044272212064302874e-01 1.285387381876259269e+03
3.079558712914226559e-01 1.255356715880682486e+03
3.115254223555488089e-01 1.225478598223488234e+03
3.151363484866479547e-01 1.195807447832916978e+03
3.187891292677645927e-01 1.166530368378661706e+03
3.224842498408442282e-01 1.137826696751836153e+03
3.262222009711669979e-01 1.109827038395630780e+03
3.300034791125285305e-01 1.082622986502090271e+03
3.338285864731760921e-01 1.056289030623335748e+03
3.376980310825091203e-01 1.030862751164087740e+03
3.416123268585528616e-01 1.006217880100346633e+03
3.455719936762139399e-01 9.821861249741748452e+02
3.495775574363275129e-01 9.586177225340234145e+02
3.536295501355042892e-01 9.354377704624109811e+02
3.577285099367873422e-01 9.126481086099506683e+02
3.618749812411280464e-01 8.902506646490659250e+02
3.660695147596902399e-01 8.682670247176923795e+02
3.703126675869927165e-01 8.467603499642667657e+02
3.746050032748993175e-01 8.258074353475672069e+02
3.789470919074667821e-01 8.054541924327079414e+02
3.833395101766601254e-01 7.856833529836218304e+02
3.877828414589457595e-01 7.664214852759183714e+02
3.922776758927719598e-01 7.476031013386240147e+02
3.968246104569481680e-01 7.291875354655858246e+02
4.014242490499321803e-01 7.111583283231443602e+02
4.060772025700365440e-01 6.935062145039676125e+02
4.107840889965646558e-01 6.762261089480730334e+02
4.155455334718875515e-01 6.593323660813570086e+02
4.203621683844713797e-01 6.428453821442800518e+02
4.252346334528682159e-01 6.267832732497879533e+02
4.301635758106794882e-01 6.111392154318444909e+02
4.351496500925050026e-01 5.958878725179507683e+02
4.401935185208874501e-01 5.810031349730373904e+02
4.452958509942655518e-01 5.664645289190627864e+02
4.504573251759458330e-01 5.522632296604587054e+02
4.556786265841064054e-01 5.383927724961647527e+02
4.609604486828433600e-01 5.248467226156263905e+02
4.663034929742731483e-01 5.116187397991764669e+02
4.717084690917017209e-01 4.987025462476622124e+02
4.771760948938745805e-01 4.860919402912309124e+02
4.827070965603182939e-01 4.737807943283642658e+02
4.883022086877880086e-01 4.617630566518498085e+02
4.939621743878320759e-01 4.500327525317422896e+02
4.996877453854883799e-01 4.385839851302913530e+02
5.054796821191240852e-01 4.274109363774521171e+02
5.113387538414325695e-01 4.165078677484243599e+02
5.172657387216018643e-01 4.058691210030345928e+02
5.232614239486661489e-01 3.954891181098913080e+02
5.293266058360561743e-01 3.853623643454002945e+02
5.354620899273607737e-01 3.754834407245562033e+02
5.416686911033151697e-01 3.658470221455465889e+02
5.479472336900287344e-01 3.564478232728736202e+02
5.542985515684668574e-01 3.472803879048432805e+02
5.607234882852032420e-01 3.383392345171316151e+02
5.672228971644543982e-01 3.296189928180275501e+02
5.737976414214134291e-01 3.211144234190921907e+02
5.804485942768977669e-01 3.128204031699140728e+02
5.871766390733255125e-01 3.047319271348977168e+02
5.939826693920355893e-01 2.968441046533267809e+02
6.008675891719686968e-01 2.891521570828281256e+02
6.078323128297229427e-01 2.816514153042590465e+02
6.148777653810023613e-01 2.743373172720553157e+02
6.220048825634711953e-01 2.672054056574366427e+02
6.292146109610343707e-01 2.602513255143714446e+02
6.365079081295571539e-01 2.534708220028905146e+02
6.438857427240419762e-01 2.468597382398918683e+02
6.513490946272803006e-01 2.404140127894439445e+02
6.588989550799949635e-01 2.341296786030970907e+02
6.665363268124913088e-01 2.280028583664535518e+02
6.742622241778342129e-01 2.220297671807442157e+02
6.820776732865685421e-01 2.162067339662195593e+02
6.899837121430018039e-01 2.105302071819790797e+02
6.979813907830659803e-01 2.049967176445946961e+02
7.060717714137773049e-01 1.996028692641116322e+02
7.142559285543126357e-01 1.943453405343302052e+02
7.225349491787214085e-01 1.892208819606200905e+02
7.309099328602910450e-01 1.842263150692473630e+02
7.393819919175865785e-01 1.793585309841697040e+02
7.479522515621821466e-01 1.746144891139076947e+02
7.566218500481054487e-01 1.699912158530308091e+02
7.653919388230148169e-01 1.654858032946752076e+02
7.742636826811269968e-01 1.610954079665088727e+02
7.832382599179196214e-01 1.568172495832115487e+02
7.923168624866253618e-01 1.526486098162598637e+02
8.015006961565405152e-01 1.485868310914512733e+02
8.107909806731686819e-01 1.446293153698480012e+02
8.201889499202202893e-01 1.407735230425957127e+02
8.296958520834906148e-01 1.370169716565329452e+02
8.393129498166364000e-01 1.333572322741732705e+02
8.490415204088747059e-01 1.297919214109094526e+02
8.588828559546249908e-01 1.263187083182182562e+02
8.688382635251183927e-01 1.229353166014539056e+02
8.789090653419954213e-01 1.196395229122109924e+02
8.890965989529158175e-01 1.164291558693077633e+02
8.994022174092044519e-01 1.133020949170258120e+02
9.098272894455557980e-01 1.102562692306263585e+02
9.203731996618220723e-01 1.072896566372480009e+02
9.310413487069075789e-01 1.044002825581505647e+02
9.418331534647951253e-01 1.015862189716930288e+02
9.527500472427290479e-01 9.884558339631864499e+01
9.637934799615786030e-01 9.617653789338319825e+01
9.749649183484085935e-01 9.357728808914401952e+01
9.862658461312820979e-01 9.104608221821870018e+01
9.976977642363201726e-01 8.858121017710782041e+01
1.009262190987048502e+00 8.618100262194099059e+01
1.020960662306047650e+00 8.384383002997952872e+01
1.032794731918952547e+00 8.156810191089046214e+01
1.044765971560805307e+00 7.935226656547729363e+01
1.056875971184805030e+00 7.719480984997136375e+01
1.069126339173477103e+00 7.509425396348572690e+01
1.081518702552289213e+00 7.304915655453136480e+01
1.094054707205743604e+00 7.105810996751158370e+01
1.106736018095974439e+00 6.911974045405578693e+01
1.119564319483879355e+00 6.723270741637958281e+01
1.132541315152812755e+00 6.539570266199726234e+01
1.145668728634872569e+00 6.360744967397611305e+01
1.158948303439811811e+00 6.186670289615340579e+01
1.172381803286599800e+00 6.017224703268789909e+01
1.185971012337670549e+00 5.852289636206065637e+01
1.199717735435885446e+00 5.691749406527337385e+01
1.213623798344241722e+00 5.535491156621340281e+01
1.227691047988360484e+00 5.383404789252773526e+01
1.241921352701784720e+00 5.235382902847631215e+01
1.256316602474121469e+00 5.091320732979959018e+01
1.270878709202059476e+00 4.951116087389160469e+01
1.285609606943296512e+00 4.814669247312988176e+01
1.300511252173409904e+00 4.681882896578860453e+01
1.315585624045705115e+00 4.552662117761340710e+01
1.330834724654076151e+00 4.426914353600459862e+01
1.346260579298911075e+00 4.304549345994029608e+01
1.361865236756082842e+00 4.185479084102673397e+01
1.377650769549054965e+00 4.069617750918530419e+01
1.393619274224143556e+00 3.956881671679099099e+01
1.409772871628967694e+00 3.847189263297968864e+01
1.426113707194129887e+00 3.740460984889493545e+01
1.442643951218158804e+00 3.636619289394671739e+01
1.459365799155757593e+00 3.535588576261029203e+01
1.476281471909391074e+00 3.437295145167487931e+01
1.493393216124253353e+00 3.341667150764254046e+01
1.510703304486655574e+00 3.248634558437575492e+01
1.528214036025870914e+00 3.158129100978401382e+01
1.545927736419478560e+00 3.070084236401860878e+01
1.563846758302247730e+00 2.984435106411321215e+01
1.581973481578601515e+00 2.901118491949702261e+01
1.600310313738701806e+00 2.820072760495297715e+01
1.618859690178199306e+00 2.741237841541931175e+01
1.637624074521689010e+00 2.664555195051817549e+01
1.656605958949915136e+00 2.589967773910570870e+01
1.675807864530768798e+00 2.517419987804707304e+01
1.695232341554121502e+00 2.446857667714184004e+01
1.714881969870540868e+00 2.378228031272397658e+01
1.734759359233932541e+00 2.311479648908754214e+01
1.754867149648152047e+00 2.246562410766811269e+01
1.775208011717636092e+00 2.183427494384148559e+01
1.795784647002096834e+00 2.122027333114859715e+01
1.816599788375328650e+00 2.062315585280570218e+01
1.837656200388172456e+00 2.004247104039190575e+01
1.858956679635688225e+00 1.947777907926417384e+01
1.880504055128583429e+00 1.892865152165887110e+01
1.902301188668945819e+00 1.839467100424635504e+01
1.924350975230332272e+00 1.787543097618664589e+01
1.946656343342263229e+00 1.737053542604675016e+01
1.969220255479173565e+00 1.687959855217564709e+01
1.992045708453871189e+00 1.640224454400527421e+01
2.015135733815558439e+00 1.593810737295437896e+01
2.038493398252464228e+00 1.548683055904906070e+01
2.062121803999144465e+00 1.504806692779658484e+01
2.086024089248504687e+00 1.462147837835418507e+01
2.110203428568596440e+00 1.420673565560012896e+01
2.134663033324245340e+00 1.380351812795385591e+01
2.159406152103567678e+00 1.341151357047450077e+01
2.184436071149428393e+00 1.303041795311268380e+01
2.209756114795903059e+00 1.265993523403799692e+01
2.235369645909796699e+00 1.229977715791158666e+01
2.261280066337279404e+00 1.194966305902383041e+01
2.287490817355704031e+00 1.160931966902752421e+01
2.314005380130653933e+00 1.127848092978575778e+01
2.340827276178294447e+00 1.095688780939311080e+01
2.367960067833078774e+00 1.064428812526156776e+01
2.395407358720879287e+00 1.034043636884248762e+01
2.423172794237600680e+00 1.004509350709036219e+01
2.451260062033339793e+00 9.758026807219424725e+00
2.479672892502160053e+00 9.479009708730222528e+00
2.508415059277541381e+00 9.207821681046716833e+00
2.537490379733571721e+00 8.944248064074040272e+00
2.566902715491951703e+00 8.688079918876487895e+00
2.596655972934872381e+00 8.439113880111348109e+00
2.626754103723838440e+00 8.197152012520399822e+00
2.657201105324506596e+00 7.962001670915911156e+00
2.688001021537607560e+00 7.733475363600176955e+00
2.719157943036019098e+00 7.511390619175239536e+00
2.750676007908067433e+00 7.295569856642283746e+00
2.782559402207125832e+00 7.085840258725081497e+00
2.814812360507581435e+00 6.882033648312607887e+00
2.847439166467247595e+00 6.683986368064528172e+00
2.880444153396297668e+00 6.491539162741929658e+00
2.913831704832788638e+00 6.304537065046996958e+00
2.947606255124858521e+00 6.122829283695147673e+00
2.981772290019673477e+00 5.946269083131445754e+00
3.016334347259197468e+00 5.774713635315189109e+00
3.051297017182871052e+00 5.608023955919526848e+00
3.086664943337274369e+00 5.446064827797400199e+00
3.122442823092857811e+00 5.288704700095711253e+00
3.158635408267818967e+00 5.135815592383669248e+00
3.195247505759213791e+00 4.987273000389487621e+00
3.232283978181380579e+00 4.842955804332138570e+00
3.269749744511767808e+00 4.702746179560128859e+00
3.307649780744242651e+00 4.566529509460886871e+00
3.345989120549974771e+00 4.434194300597488869e+00
3.384772855945982872e+00 4.305632100010295282e+00
3.424006137971425723e+00 4.180737414634499771e+00
3.463694177371734462e+00 4.059407632771773855e+00
3.503842245290675894e+00 3.941542947608704495e+00
3.544455673970435594e+00 3.827046282590603976e+00
3.585539857459817181e+00 3.715823218956609608e+00
3.627100252330648367e+00 3.607781924809891017e+00
3.669142378402494131e+00 3.502833086338676516e+00
3.711671819475766743e+00 3.400889850337221354e+00
3.754694224073336972e+00 3.301867754301666125e+00
3.798215306190736218e+00 3.205684656791768727e+00
3.842240846055060999e+00 3.112260673613043593e+00
3.886776690892667752e+00 3.021518118086981008e+00
3.931828755705770284e+00 2.933381442077716894e+00
3.977403024058036696e+00 2.847777178747367799e+00
4.023505548869293236e+00 2.764633886761516113e+00
4.070142453219438572e+00 2.683882095937281775e+00
4.117319931161679492e+00 2.605454254308394280e+00
4.165044248545185290e+00 2.529284676561017520e+00
4.213321743847289191e+00 2.455309493810383881e+00
4.262158829015325168e+00 2.383466604706361736e+00
4.311561990318228510e+00 2.313695627713770353e+00
4.361537789208005833e+00 2.245937854962366309e+00
4.412092863191189984e+00 2.180136206504913243e+00
4.463233926710397093e+00 2.116235187029769538e+00
4.514967772036102112e+00 2.054180843632726461e+00
4.567301270168746541e+00 1.993920703848042209e+00
4.620241371751313331e+00 1.935403728190340011e+00
4.673795107992464004e+00 1.878580291946061465e+00
4.727969591600390764e+00 1.823402160049743204e+00
4.782772017727485725e+00 1.769822445435106140e+00
4.838209664925956943e+00 1.717795573208970916e+00
4.894289896114531579e+00 1.667277244474109743e+00
4.951020159556350997e+00 1.618224401359628084e+00
5.008407989848212338e+00 1.570595192989024946e+00
5.066461008921268494e+00 1.524348942332618639e+00
5.125186927053333008e+00 1.479446113963515330e+00
5.184593543892913381e+00 1.435848282672828935e+00
5.244688749495119318e+00 1.393518102924391044e+00
5.305480525369573819e+00 1.352419279152122789e+00
5.366976945540476329e+00 1.312516536778182585e+00
5.429186177618943177e+00 1.273775594213488294e+00
5.492116483887789613e+00 1.236163135249809919e+00
5.555776222398877806e+00 1.199646782309728321e+00
5.620173848083187984e+00 1.164195078185839671e+00
5.685317913873753071e+00 1.129777491077705198e+00
5.751217071841614015e+00 1.096364365477940916e+00
5.817880074344935259e+00 1.063926876861606141e+00
5.885315775191449994e+00 1.032437010666011012e+00
5.953533130814370189e+00 1.001867539585806322e+00
6.022541201461927507e+00 9.721920021703664982e-01
6.092349152400711176e+00 9.433846818422232383e-01
6.162966255132942273e+00 9.154205864786113533e-01
6.234401888627863819e+00 8.882754285434337760e-01
6.306665540567405692e+00 8.619256057414317329e-01
6.379766808606282424e+00 8.363481821871732169e-01
6.453715401646701544e+00 8.115208700608445014e-01
6.528521141127847649e+00 7.874220118292454274e-01
6.604193962330305645e+00 7.640305626576094911e-01
6.680743915695614987e+00 7.413260740729047393e-01
6.758181168161110364e+00 7.192886765186297104e-01
6.836516004510238886e+00 6.978990635199631143e-01
6.915758828738525210e+00 6.771384784363509990e-01
6.995920165435374649e+00 6.569886164947073004e-01
7.077010661181889262e+00 6.374316407023041808e-01
7.159041085964887863e+00 6.184502209038026388e-01
7.242022334607315592e+00 6.000275366801430810e-01
7.325965428215230446e+00 5.821472571565945442e-01
7.410881515641570161e+00 5.647935279750719850e-01
7.496781874966877091e+00 5.479509571711258520e-01
7.583677914997190683e+00 5.316046016116140471e-01
7.671581176779302069e+00 5.157399539098013186e-01
7.760503335133570602e+00 5.003429296630453882e-01
7.850456200204509294e+00 4.853998550963913861e-01
7.941451719029339884e+00 4.708974550825181238e-01
8.033501977124734239e+00 4.568228413686473144e-01
8.126619200091946382e+00 4.431635017303646729e-01
8.220815755240540312e+00 4.299072877457293385e-01
8.316104153230961415e+00 4.170424065755269916e-01
8.412497049736117560e+00 4.045574090408853296e-01
8.510007247122246099e+00 3.924411695360522367e-01
8.608647696149244410e+00 3.806829919197508572e-01
8.708431497690723333e+00 3.692726418789497589e-01
8.809371904473991322e+00 3.582002290081412466e-01
8.911482322840202031e+00 3.474561077503209860e-01
9.014776314524917566e+00 3.370308938438673629e-01
9.119267598459298796e+00 3.269154522863694234e-01
9.224970052592174952e+00 3.171008924887351310e-01
9.331897715733239451e+00 3.075785625833727388e-01
9.440064789417602853e+00 2.983400436217952811e-01
9.549485639791965852e+00 2.893771440951033447e-01
9.660174799522645017e+00 2.806818944542347483e-01
9.772146969725724830e+00 2.722465417631834694e-01
9.885417021919574054e+00 2.640635444591236114e-01
1.000000000000000000e+01 2.561255671504696352e-01
