# effective area (deg^2), effective volume (Mpc/h)^3: 2860.4406814189183 99740127.64438488
# zcen,zlow,zhigh,nbar,wfkp,shell_vol,total weighted gals
0.005 0.0 0.01 0.00013462213635665303 0.5976890894834057 7771.038808820277 1.046153846153846
0.015 0.01 0.02 5.734320486636772e-05 0.7771722595273317 53961.10882237131 3.0943029180176005
0.025 0.02 0.03 1.4465477743342273e-05 0.9325510198865034 145143.2947337963 2.099567099567098
0.035 0.03 0.04 7.5926458890576845e-06 0.9634252655890547 280014.4312316834 2.126050420168067
0.045 0.04 0.05 1.1398305002339887e-05 0.9460813794026697 457276.5502223388 5.212177589852011
0.055 0.05 0.06 1.6087851567054797e-06 0.9920202626316358 675638.0845563198 1.086956521739129
0.065 0.06 0.07 2.2286978947610825e-06 0.9889793193648466 933815.028800999 2.081191588785046
0.075 0.07 0.08 8.5878994717511e-07 0.9957244094351012 1230532.055513788 1.0567685589519655
0.085 0.08 0.09 0.0 1.0 1564523.5856888343 0.0
0.095 0.09 0.1 1.628887433359374e-06 0.9919213588186973 1934534.812263919 3.1511394450929338
0.105 0.1 0.11 1.323228839710038e-06 0.9934273414581307 2339322.6757828416 3.0954592299835113
0.115 0.11 0.12 7.480283386345871e-07 0.9962737948420956 2777656.7915112777 2.0777659950512586
0.125 0.12 0.13 1.2620550271547487e-06 0.9937292947397139 3248320.3274988565 4.099558999128892
0.135 0.13 0.14 8.553035192300687e-07 0.9957416931281171 3750110.8332684077 3.2074829931972744
0.145 0.14 0.15 1.7088350422422166e-06 0.9915282092532817 4281841.018992796 7.316959978565009
0.155 0.15 0.16 1.90958257874958e-06 0.9905423875659551 4842339.485189906 9.246847121309855
0.165 0.16 0.17 1.1342232119913205e-06 0.9943608641340174 5430451.403128225 6.1593440330188685
0.175 0.17 0.18 1.7257732243891849e-06 0.9914449542227332 6045039.1462878315 10.432366699047996
0.185 0.18 0.19 7.97330611104199e-07 0.9960291772371793 6684982.873362728 5.330141479639408
0.195 0.19 0.2 2.2824325587918175e-06 0.9887166051449947 7349180.700291237 16.774009310789168
0.205 0.2 0.21 2.593597033739301e-06 0.987198030580861 8036550.80694671 20.843574334392173
0.215 0.21 0.22 2.8813842952254805e-06 0.9857976900875608 8746028.947066909 25.200670453666035
0.225 0.22 0.23 3.7451884143556376e-06 0.9816182730816736 9476571.527588105 35.49154589293548
0.235 0.23 0.24 3.1806213431479132e-06 0.9843458430133638 10227154.72286839 32.528706591231185
0.245 0.24 0.25 4.3864478611222335e-06 0.9785384603185493 10996775.013588952 48.236780237599675
0.255 0.25 0.26 4.740824294069799e-06 0.9768447533098696 11784449.453785706 55.86800426274485
0.265 0.26 0.27 2.5643423040458887e-06 0.9873406036083249 12589215.89724846 32.283058900081244
0.275 0.27 0.28 1.8770366693115922e-06 0.9907020793435447 13410133.184612358 25.171311727869636
0.285 0.28 0.29 2.132179044705618e-06 0.9894515605838591 14246281.292520178 30.375622436893195
0.295 0.29 0.3 1.6580653935598778e-06 0.991777837448138 15096761.446278395 25.031417708903177
0.305 0.3 0.31 1.831650305968701e-06 0.9909248608769141 15960696.197446493 29.234414073526352
0.315 0.31 0.32 2.20487796681302e-06 0.9890958220742088 16837229.46783926 37.124036275813694
0.325 0.32 0.33 2.05828028388472e-06 0.9898134326344217 17725526.561430708 36.484101842867744
0.335 0.33 0.34 2.1504723692936244e-06 0.9893620215471716 18624774.14565811 40.05206218457204
0.345 0.34 0.35 3.697405400614563e-06 0.9818485395366582 19534180.203627273 72.22578338146957
0.355 0.35 0.36 3.4269999144664795e-06 0.9831536624149823 20452973.958732694 70.09234000716208
0.365 0.36 0.37 3.342753454747512e-06 0.9835609905051698 21380405.773169756 71.46942526216685
0.375 0.37 0.38 4.385171116593797e-06 0.9785445730106701 22315747.021839727 97.8583692853856
0.385 0.38 0.39 5.869739180092305e-06 0.9714880914335955 23258289.943103813 136.52009574098327
0.395 0.39 0.4 6.917654275868549e-06 0.9665680809108451 24207347.467833724 167.45806071829566
0.405 0.4 0.41 6.959091316507049e-06 0.9663745560910665 25162253.028176676 175.1064165521375
0.415 0.41 0.42 8.576736983270954e-06 0.958879704863928 26122360.347436108 224.04461408218594
0.425 0.42 0.43 9.32084772218821e-06 0.9554710014620288 27087043.212422915 252.47420502732575
0.435 0.43 0.44 1.1281393689256255e-05 0.9466048879540786 28055695.229603067 316.50734311094084
0.445 0.44 0.45 8.996193468293918e-06 0.9569552281359675 29027729.56633788 261.13907112409106
0.455 0.45 0.46 1.0399140580209206e-05 0.9505742250109391 30002578.67847471 312.00103344624586
0.465 0.46 0.47 9.459408600003149e-06 0.9548389415246206 30979694.025498796 293.0495840902695
0.475 0.47 0.48 9.694337683612766e-06 0.9537691966759752 31958545.774405774 309.8169346142854
0.485 0.48 0.49 9.713573228358018e-06 0.9536817141645817 32938622.493464362 319.95172163150664
0.495 0.49 0.5 1.1733570824431098e-05 0.9445833233778477 33919430.83690204 397.9960440491823
0.505 0.5 0.51 1.0571104722531176e-05 0.9497979329288286 34900495.221624434 368.9367898559908
0.515 0.51 0.52 9.589656781125068e-06 0.9542455628373896 35881357.49690279 344.0899032361467
0.525 0.52 0.53 1.0809129166157319e-05 0.9487255167320687 36861576.60803713 398.4415428244765
0.535 0.53 0.54 1.112526605737388e-05 0.9473049044999164 37840728.25489579 420.9881696405009
0.545 0.54 0.55 1.0431842951166164e-05 0.9504265000730568 38818404.54616174 404.9474998403939
0.555 0.55 0.56 1.1697852977733566e-05 0.9447426943013731 39794213.65019329 465.5068606444793
0.565 0.56 0.57 1.0846389739891626e-05 0.9485578588598449 40767779.443179615 442.1832246706681
0.575 0.57 0.58 1.1141035630319642e-05 0.9472341527687391 41738741.155429885 465.0128023773332
0.585 0.58 0.59 1.1888081956833093e-05 0.9438945227733243 42706753.016416915 507.7013799693932
0.595 0.59 0.6 1.1201065960308187e-05 0.946964917485723 43671483.8992822 489.16717174039695
0.605 0.6 0.61 1.2582342615409861e-05 0.9408119109959522 44632616.965397455 561.5828784809855
0.615 0.61 0.62 1.1835223603791644e-05 0.9441300488065771 45589850.80665321 539.5660783602416
0.625 0.62 0.63 1.2250793307229084e-05 0.9422815193463316 46542891.26623007 570.1873408234223
0.635 0.63 0.64 1.18316595114136e-05 0.9441459339047661 47491467.26687936 561.9028703991607
0.645 0.64 0.65 1.361557184060402e-05 0.9362613328078737 48435313.87001059 659.4744956193335
0.655 0.65 0.66 1.3759531928958212e-05 0.9356307912690831 49374180.38217265 679.3656114346468
0.665 0.66 0.67 1.3521403261328665e-05 0.9366742487881656 50307828.29614042 680.2324335937956
0.675 0.67 0.68 1.4481968596923005e-05 0.9324793189298862 51236030.95006157 741.9985912497668
0.685 0.68 0.69 1.4082390843180916e-05 0.9342197609634484 52158573.19031508 734.5174134886747
0.695 0.69 0.7 1.3931229335192381e-05 0.9348798706084906 53075251.03834236 739.4034942380549
0.705 0.7 0.71 1.4965875639401069e-05 0.9303802261875932 53985871.361827485 807.9458370858138
0.715 0.71 0.72 1.4197112142837368e-05 0.9337194045204025 54890251.55037617 779.2830568092431
0.725 0.72 0.73 1.5031889439805013e-05 0.9300946037400979 55788219.195995994 838.6023429978195
0.735 0.73 0.74 1.582836715054304e-05 0.9266622485286999 56679611.77856866 897.1457051814286
0.745 0.74 0.75 1.4369116467121243e-05 0.9329702118293468 57564276.35645515 827.1477913114577
0.755 0.75 0.76 1.5441633537302192e-05 0.9283256755726901 58442069.26247501 902.4410167127717
0.765 0.76 0.77 1.4638324878115486e-05 0.9318000413652687 59312855.80529791 868.2408527267689
0.775 0.77 0.78 1.4754463127177941e-05 0.9312961280881956 60176509.97646134 887.8720975699543
0.785 0.78 0.79 1.4352022321331489e-05 0.9330446143409059 61032914.16304975 875.9457464039988
0.795 0.79 0.8 1.601735461955379e-05 0.9258515379573863 61881958.866194464 991.1852797124775
0.805 0.8 0.81 1.546014422375813e-05 0.9282459209360662 62723542.42529308 969.715012120043
0.815 0.81 0.82 1.6952719232678317e-05 0.9218598444276846 63557570.748281546 1077.4736520067054
0.825 0.82 0.83 1.5913967460478146e-05 0.9262948680548371 64383957.047712125 1024.6041974341133
0.835 0.83 0.84 1.5133891724163664e-05 0.9296536143009593 65202621.58282719 986.7694151661235
0.845 0.84 0.85 1.6849582993971405e-05 0.9222982919250537 66013491.40761384 1112.2998021944077
0.855 0.85 0.86 1.543295297748271e-05 0.9283630811155626 66816500.12479078 1031.175904545864
0.865 0.86 0.87 1.6358236054086883e-05 0.9243928202021505 67611587.64578268 1106.0063107012975
0.875 0.87 0.88 1.7719643987493354e-05 0.9186125621787657 68398699.95660225 1212.000612438369
0.885 0.88 0.89 1.693043102208877e-05 0.9219545596147143 69177788.88967256 1171.2097830572202
0.895 0.89 0.9 1.7876262170352203e-05 0.9179522266800448 69948811.9014866 1250.423300055627
0.905 0.9 0.91 1.856309490068742e-05 0.9150675693482366 70711731.8560826 1312.6285890364234
0.915 0.91 0.92 1.7062940711571063e-05 0.9213917370895478 71466516.81435435 1219.4289392658247
0.925 0.92 0.93 1.7245770209028044e-05 0.9206163130705162 72213139.82897104 1245.3712155628455
0.935 0.93 0.94 1.8982009124955246e-05 0.9133170382315574 72951578.74502821 1384.7675334180167
0.945 0.94 0.95 1.921956662489599e-05 0.9123273213208091 73681816.00624216 1416.1325717752989
0.955 0.95 0.96 1.8391027860058757e-05 0.9157885374675584 74403838.46662574 1368.3630661350253
0.965 0.96 0.97 1.912882947041909e-05 0.9127050990202941 75117637.20762125 1436.912472365395
0.975 0.97 0.98 1.9249035439816346e-05 0.9122046972694655 75823207.36052889 1459.5236056433641
0.985 0.98 0.99 1.8802935357364144e-05 0.9140645196251418 76520547.93422638 1438.810916317343
0.995 0.99 1.0 1.773659110524738e-05 0.9185410636989625 77209661.64803115 1369.436198025629
1.005 1.0 1.01 1.771638260390099e-05 0.9186263229619563 77890554.76959318 1379.9388695282178
1.015 1.01 1.02 1.7835231675456398e-05 0.9181251281609561 78563236.95786916 1401.1935323173748
1.025 1.02 1.03 1.756175892769446e-05 0.9192792013897488 79227721.11080086 1391.3781385384937
1.035 1.03 1.04 1.8417226349361112e-05 0.9156786913871778 79884023.21799172 1471.2421373033721
1.045 1.04 1.05 1.863044478026819e-05 0.9147856795562371 80532162.2178733 1500.350001235689
1.055 1.05 1.06 1.8660415271198014e-05 0.9146602952891403 81172159.85954311 1514.7062114391447
1.065 1.06 1.07 1.816383282494003e-05 0.9167422363746462 81804040.56909227 1485.874917301604
1.075 1.07 1.08 1.8563803376527563e-05 0.9150646031513872 82427831.3202799 1530.1740533832563
1.085 1.08 1.09 1.986349970729983e-05 0.9096553100730966 83043561.50950736 1649.535759737235
1.095 1.09 1.1 1.9710721015708228e-05 0.9102878506584163 83651262.83496195 1648.826704351617
1.105 1.1 1.11 1.939987360508586e-05 0.9115775534127921 84250969.17985605 1634.4581531951917
1.115 1.11 1.12 1.9634881756955234e-05 0.9106021702933192 84842716.49961841 1665.8767064088825
1.125 1.12 1.13 2.0133642733939105e-05 0.9085390016542211 85426542.7129928 1719.947490978986
1.135 1.13 1.14 1.863617782465552e-05 0.9147616921861781 86002487.59688419 1602.7576522182644
1.145 1.14 1.15 1.9997630269035823e-05 0.9091007014730993 86570592.68495212 1731.2067046849697
1.155 1.15 1.16 1.9921561643837826e-05 0.9094151501338431 87130901.16968268 1735.7836187349749
1.165 1.16 1.17 1.9593498660062814e-05 0.9107737761836286 87683457.80807552 1718.025713072202
1.175 1.17 1.18 2.0490663545377503e-05 0.9070678857059157 88228308.83059235 1807.8565914253268
1.185 1.18 1.19 2.0245793485199733e-05 0.9080763670223729 88765501.8535501 1797.1280191370897
1.195 1.19 1.2 2.0393639766133983e-05 0.9074672037370304 89295085.79458748 1821.0518125808449
1.205 1.2 1.21 2.0717849774170185e-05 0.9061342351995189 89817110.79133137 1860.8174085248029
1.215 1.21 1.22 2.0960143121158655e-05 0.9051406157459555 90331628.12308808 1893.3638538272062
1.225 1.22 1.23 2.1652239679774714e-05 0.9023143654625096 90838690.13540405 1966.8610910085554
1.235 1.23 1.24 2.11209833564395e-05 0.9044822294300618 91338350.16760494 1929.155773694627
1.245 1.24 1.25 2.04913589846101e-05 0.9070650247747787 91830662.48296936 1881.7350707330916
1.255 1.25 1.26 2.0849603077341605e-05 0.9055936583683147 92315682.20167026 1924.7453317188338
1.265 1.26 1.27 2.0834875533845193e-05 0.905654052678595 92793465.23630914 1933.3402985526918
1.275 1.27 1.28 2.0873713635553535e-05 0.905494803831679 93264068.22998287 1946.7674527193885
1.285 1.28 1.29 2.0391316189931905e-05 0.9074767711248715 93727548.49673055 1911.2280771040096
1.295 1.29 1.3 2.1617539564558787e-05 0.9024556467550644 94183963.96444 2036.0255673482607
1.305 1.3 1.31 2.1677372465651786e-05 0.902212065108221 94648376.737808 2051.728115814796
1.315 1.31 1.32 2.0208927877936236e-05 0.9082283898628387 95060831.33904508 1921.0774845474225
1.325 1.32 1.33 2.1083448238803996e-05 0.9046357906629418 95511408.92398667 2013.7098462641152
1.335 1.33 1.34 2.1089607163179804e-05 0.9046105900961043 95940154.87836114 2023.3401775592647
1.345 1.34 1.35 2.1170785938870746e-05 0.904278560800873 96362133.03788845 2040.062091158121
1.355 1.35 1.36 2.0399087853991113e-05 0.9074447718789789 96777403.93733579 1974.1707651988982
1.365 1.36 1.37 2.0288777458986122e-05 0.9078991781015103 97186028.3857041 1971.785702040259
1.375 1.37 1.38 2.0909996751206216e-05 0.9053460818490912 97588067.42549048 2040.566172823499
1.385 1.38 1.39 1.984403465091714e-05 0.9097358512254982 97983582.29379742 1944.389602259107
1.395 1.39 1.4 1.9559132075180362e-05 0.9109163354294777 98372634.38504861 1924.0833485205949
1.405 1.4 1.41 1.919291180522158e-05 0.9124382643254598 98755285.2153856 1895.4014794383984
1.415 1.41 1.42 1.8827882395049103e-05 0.913960313516816 99131596.38864326 1866.4380384388496
1.425 1.42 1.43 1.9098873104028447e-05 0.9128298889289118 99501629.56384091 1900.3689966838429
1.435 1.43 1.44 1.896779074133045e-05 0.9133763432643965 99865446.42419918 1894.2268900637573
1.445 1.44 1.45 1.9392770208172038e-05 0.9116070680461754 100223108.64754069 1943.6037155504164
1.455 1.45 1.46 1.79129842216741e-05 0.9177975360869184 100574677.87808233 1801.592617930044
1.465 1.46 1.47 1.9859340616534145e-05 0.9096725180706711 100920215.69951947 2004.208938670854
1.475 1.47 1.48 1.956223973449079e-05 0.9109034424218538 101259783.60945961 1980.8681624309102
1.485 1.48 1.49 1.8385015429273715e-05 0.9158137503475924 101593442.9950615 1867.7970169772452
1.495 1.49 1.5 1.8294182504425687e-05 0.9161948234508961 101921255.10981113 1864.5660420590139
1.505 1.5 1.51 1.9730447938493192e-05 0.9102061269905747 102243281.0515485 2017.305733848305
1.515 1.51 1.52 1.8025628739317535e-05 0.9173233493532548 102559581.74142732 1848.7009441306582
1.525 1.52 1.53 1.813928400828448e-05 0.9168454041153101 102870217.90419884 1865.992098558374
1.535 1.53 1.54 1.820862692344945e-05 0.9165540465554678 103175250.04924338 1878.6796358802821
1.545 1.54 1.55 1.7475360983509934e-05 0.919644409810475 103474738.45283957 1808.2584071376477
1.555 1.55 1.56 1.789269147429569e-05 0.9178830122606179 103768743.1411161 1856.7021056994272
1.565 1.56 1.57 1.8008345517870795e-05 0.917396072727892 104057323.87416679 1873.9002419909812
1.575 1.57 1.58 1.7830486142588523e-05 0.9181451299203504 104340645.16200915 1860.4444276699505
1.585 1.58 1.59 1.8683788362722482e-05 0.9145625356931699 104618449.21075147 1954.6689638899115
1.595 1.59 1.6 1.838486005829335e-05 0.9158144019077793 104891113.15555651 1928.4084367235191
1.605 1.6 1.61 1.738774401946518e-05 0.9200150675563924 105158589.18505213 1828.4706301977858
1.615 1.61 1.62 1.818117287440399e-05 0.9166693778620854 105420935.5162599 1916.6762532025168
1.625 1.62 1.63 1.8001455835490982e-05 0.9174250659634342 105678210.02144107 1902.361630474712
1.635 1.63 1.64 1.8367016328274848e-05 0.9158892371333984 105930470.21756096 1945.6266761477746
1.645 1.64 1.65 1.7433060377420908e-05 0.9198233224185846 106177773.25659314 1851.0035319222952
1.655 1.65 1.66 1.8427459194718042e-05 0.9156357938573519 106420175.91609061 1961.0534491884755
1.665 1.66 1.67 1.8607713388633726e-05 0.9148808013212529 106657734.59083728 1984.6565559472656
1.675 1.67 1.68 1.8513488584200862e-05 0.9152753054095012 106890505.28467345 1978.9161493472639
1.685 1.68 1.69 1.7768489130209256e-05 0.9184065187705598 107118543.60318094 1903.334677656967
1.695 1.69 1.7 1.791457971134778e-05 0.9177908163139996 107341904.7467905 1922.985108954279
1.705 1.7 1.71 1.8488462419722315e-05 0.9153801431207591 107560643.50429794 1988.6309152703616
1.715 1.71 1.72 1.7274603347477767e-05 0.9204941439020774 107774814.24718249 1861.7671669681731
1.725 1.72 1.73 1.7089360584599802e-05 0.9212796032998583 107984470.92410134 1845.3855611592007
1.735 1.73 1.74 1.767314696567858e-05 0.9188087864211144 108189667.05595031 1912.051886047644
1.745 1.74 1.75 1.7599364483035633e-05 0.9191203314180281 108390455.73146082 1907.6031369003176
1.755 1.75 1.76 1.782012927191524e-05 0.9181887857128689 108586889.60308261 1935.0324099621212
1.765 1.76 1.77 1.7097029478630893e-05 0.9212470593462737 108779020.88327438 1859.7981266979477
1.775 1.77 1.78 1.7228983710547836e-05 0.9206874542418104 108966901.34125735 1877.388968197396
1.785 1.78 1.79 1.7341288980056697e-05 0.920211713745528 109150582.30017668 1892.8117900088255
1.795 1.79 1.8 1.6836272931816812e-05 0.9223549053662673 109330114.63444686 1840.7116496523668
1.805 1.8 1.81 1.7512642913813357e-05 0.9194867816453661 109505548.76744257 1917.7315726453962
1.815 1.81 1.82 1.6437844652090955e-05 0.9240528167404657 109676934.66989005 1802.8524140211812
1.825 1.82 1.83 1.6331884270314524e-05 0.9245054221877564 109844321.85792138 1793.9647523347521
1.835 1.83 1.84 1.5990594459864774e-05 0.9259662463550645 110007759.39200431 1759.0894678759214
1.845 1.84 1.85 1.6184185101568997e-05 0.9251370534159785 110167295.87580763 1782.9679085933894
1.855 1.85 1.86 1.5595895121848048e-05 0.9276614468330497 110322979.45554745 1720.585617118515
1.865 1.86 1.87 1.568090245937576e-05 0.9272958232251031 110474857.81935576 1732.345469678723
1.875 1.87 1.88 1.4924258881377293e-05 0.9305603799261468 110622978.19710746 1650.9659648425877
1.885 1.88 1.89 1.49127661295534e-05 0.930610142905314 110767387.36037613 1651.8481424869387
1.895 1.89 1.9 1.607205959756087e-05 0.9256171314907838 110908131.62256253 1782.52210129195
1.905 1.9 1.91 1.5600169324774782e-05 0.9276430562479054 111045256.83948846 1732.324809409125
1.915 1.91 1.92 1.55053954482859e-05 0.9280510104351114 111178808.40969148 1723.8713898614806
1.925 1.92 1.93 1.5792778313794433e-05 0.9268150749195628 111308831.27553512 1757.8756967020745
1.935 1.93 1.94 1.4749957627742065e-05 0.9313156668775211 111435369.92385146 1643.6669846085715
1.945 1.94 1.95 1.541202126095692e-05 0.9284532907182264 111558468.3874524 1719.341486627207
1.955 1.95 1.96 1.4742844993039368e-05 0.9313465135775899 111678170.24608254 1646.4539530442562
1.965 1.96 1.97 1.493185577898012e-05 0.9305274887016519 111794518.62807229 1669.299629034882
1.975 1.97 1.98 1.3971841450952326e-05 0.9347024292719609 111907556.21195318 1563.5546325569449
1.985 1.98 1.99 1.435623425843988e-05 0.9330262807232786 112017325.22794263 1608.146961976192
1.995 1.99 2.0 1.3916528951006671e-05 0.9349441157293928 112123867.4602507 1560.3750476094137
2.005 2.0 2.01 1.3331709666474965e-05 0.9375071353090552 112227224.24867336 1496.1807703576924
2.015 2.01 2.02 1.3757607409994464e-05 0.9356392150123252 112327436.49078849 1545.3567726113542
2.025 2.02 2.03 1.2975109160684063e-05 0.9390768751718556 112424544.64437337 1458.7207391009433
2.035 2.03 2.04 1.349556878965133e-05 0.9367875929877122 112518588.7295144 1518.5023543136485
2.045 2.04 2.05 1.2907409664620862e-05 0.9393754792989448 112609608.33104008 1453.4983469012368
2.055 2.05 2.06 1.2292767255222504e-05 0.9420952140096044 112697642.60112032 1385.3658907078207
2.065 2.06 2.07 1.2829107876106072e-05 0.9397210841875339 112782730.26178376 1446.9018130901968
2.075 2.07 2.08 1.2536039874752124e-05 0.9410168746809263 112864909.60770985 1414.8790073025448
2.085 2.08 2.09 1.283938406375177e-05 0.9396757131194009 112944218.50868852 1450.134199213353
2.095 2.09 2.1 1.1949047951864229e-05 0.9436230166290815 113020694.41277343 1350.4896970912232
2.105 2.1 2.11 1.1874117414568435e-05 0.943956734501295 113094374.34904085 1342.8958799476677
2.115 2.11 2.12 1.1985317234402324e-05 0.9434615689861692 113165294.93032186 1356.3219596646086
2.125 2.12 2.13 1.1584530158155833e-05 0.9452486902067151 113233492.35659944 1311.756807118334
2.135 2.13 2.14 1.1372430546422352e-05 0.9461971908208497 113299002.41771623 1288.485035974416
2.145 2.14 2.15 1.0985606811237088e-05 0.9479319609651591 113361860.49658558 1245.348826805799
2.155 2.15 2.16 1.1372929494681033e-05 0.946194957311375 113422101.57239778 1289.9415643214306
2.165 2.16 2.17 1.0270521059682097e-05 0.951155677895681 113479760.22379354 1165.4962672261463
2.175 2.17 2.18 1.0920027488338803e-05 0.9482266922758554 113534870.63183309 1239.8039081846073
2.185 2.18 2.19 9.76887016056656e-06 0.9534303152174627 113587466.5837191 1109.6212129240448
2.195 2.19 2.2 1.0011404615190437e-05 0.95232923357884 113637581.47555329 1137.6718076434336
2.205 2.2 2.21 9.770311456653414e-06 0.9534237643601329 113685248.31611007 1110.7402840753784
2.215 2.21 2.22 9.346319263325266e-06 0.9553547475961636 113730499.72981265 1062.961560452357
2.225 2.22 2.23 9.841561066947093e-06 0.9531000388249719 113773367.96027845 1119.7075485733221
2.235 2.23 2.24 9.576243883584099e-06 0.9543066346350613 113813884.87369397 1089.9095188886567
2.245 2.24 2.25 9.625079615962344e-06 0.9540843126519226 113852081.96210112 1095.8353533282934
2.255 2.25 2.26 1.0156801639574927e-05 0.9516703644120255 113887990.34690933 1156.7377270833822
2.265 2.26 2.27 9.149482064947622e-06 0.9562538621917006 113921640.78208433 1042.3240091450862
2.275 2.27 2.28 8.811464174273988e-06 0.9578018179743237 113953063.65810812 1004.0933379721828
2.285 2.28 2.29 8.992472237259427e-06 0.9569722672735759 113982289.00458027 1024.9825694129686
2.295 2.29 2.3 9.225129426284444e-06 0.955908119394737 114009346.49453035 1051.750977218151
2.305 2.3 2.31 9.011873474814993e-06 0.9568834376488143 114034265.44718987 1027.6623720035423
2.315 2.31 2.32 8.414573467934732e-06 0.9596257913833969 114057074.83180381 959.7416357099428
2.325 2.32 2.33 8.692337404730141e-06 0.9583485550412303 114077803.27091238 991.6027564211981
2.335 2.33 2.34 8.456734703947073e-06 0.9594317031015696 114096479.04379454 964.8836539278273
2.345 2.34 2.35 8.090997243255619e-06 0.9611179851582077 114113130.0900202 923.2890209776233
2.355 2.35 2.36 8.02425048565567e-06 0.9614263699211887 114127784.01274745 915.7899262910942
2.365 2.36 2.37 8.199353217446254e-06 0.9606177776696417 114140468.08215073 935.8780142102041
2.375 2.37 2.38 7.657782393960913e-06 0.963123065720538 114151209.2389418 874.1451203593169
2.385 2.38 2.39 7.801171751890188e-06 0.9624584804497417 114160034.09767827 890.5820331976283
2.395 2.39 2.4 7.489905521798689e-06 0.9639023136910542 114166968.95020258 855.0998111471417
2.405 2.4 2.41 7.393694821242169e-06 0.9643494715323193 114172039.76895054 844.1532191703445
2.415 2.41 2.42 7.4845849164060255e-06 0.9639270314012893 114175272.21044792 854.5545202128706
2.425 2.42 2.43 7.166258173294643e-06 0.9654081787426017 114176691.61853918 818.2196495110984
2.435 2.43 2.44 6.986191938099705e-06 0.966248029046358 114176323.02779555 797.657707458653
2.445 2.44 2.45 6.638078028903296e-06 0.9678758237967409 114174191.16691421 757.897189852898
2.455 2.45 2.46 6.60554571060107e-06 0.9680282265033985 114170320.46174754 754.1572706040461
2.465 2.46 2.47 6.121720472362685e-06 0.9703004590766381 114164735.03900589 698.8845957101439
2.475 2.47 2.48 6.334610777566771e-06 0.9692993300847834 114157458.72914499 723.1430684052757
2.485 2.48 2.49 5.6247189743405e-06 0.9726457062049899 114148515.06988925 642.0533186063985
2.495 2.49 2.5 5.564916352772012e-06 0.972928666761297 114137927.30934292 635.1680181552656
2.505 2.5 2.51 5.784786466570885e-06 0.9718891441593005 114125718.40911682 660.1929113407386
2.515 2.51 2.52 5.319119337029806e-06 0.9740934046755845 114111911.04788263 606.9748726402177
2.525 2.52 2.53 5.696919739495058e-06 0.9723043021416659 114096527.62407637 649.9987604294438
2.535 2.53 2.54 5.145559414219271e-06 0.9749175198872835 114079590.25928213 587.0033096289262
2.545 2.54 2.55 4.991888326217934e-06 0.975648361664565 114061120.80145179 569.3803774041007
2.555 2.55 2.56 5.054781836677849e-06 0.9753491150442719 114041140.82787217 576.453087290749
2.565 2.56 2.57 4.741897687606315e-06 0.9768396320383751 114019671.64828953 540.6696173306555
2.575 2.57 2.58 4.849135001523797e-06 0.9763282622526684 113996734.30788992 552.7855543917976
2.585 2.58 2.59 4.607373076125609e-06 0.9774818814842444 113972349.59049243 525.1131349260104
2.595 2.59 2.6 4.0808513692483436e-06 0.9800037517392323 113946538.02145196 464.99888570595067
2.605 2.6 2.61 4.2501999875992754e-06 0.9791912077057583 113919319.87066413 484.1798919016146
2.615 2.61 2.62 4.4118839739105835e-06 0.9784166953107595 113890715.15553235 502.4726209719083
2.625 2.62 2.63 3.871666243816619e-06 0.9810092970977813 113860743.64390613 440.830797661969
2.635 2.63 2.64 3.626075318352603e-06 0.9821924804439532 113829424.85708594 412.7540679765516
2.645 2.64 2.65 3.7114140663985296e-06 0.9817810205510192 113796778.07244687 422.34696284891106
2.655 2.65 2.66 3.54846004451773e-06 0.9825670012745777 113762822.32665607 403.6828295777086
2.665 2.66 2.67 3.0657214368068522e-06 0.9849028116852264 113727576.41811042 348.65706898109056
2.675 2.67 2.68 3.1737550736360167e-06 0.9843791090414913 113691058.9103135 360.8275750436587
2.685 2.68 2.69 3.0585830306773188e-06 0.9849374353695002 113653288.13386555 347.61801846692106
2.695 2.69 2.7 3.2645739965921905e-06 0.9839392869480201 113614282.19006656 370.9022312791785
2.705 2.7 2.71 2.6915180348126925e-06 0.9867211116631411 113574058.95300809 305.6866279589012
2.715 2.71 2.72 2.4149847043201884e-06 0.9880691406920891 113532636.07261355 274.1795795565122
2.725 2.72 2.73 2.396342977920601e-06 0.9881601468551137 113490030.97723533 271.96103879628936
2.735 2.73 2.74 2.2168691800354732e-06 0.9890371699006884 113446260.87619859 251.49551932670875
2.745 2.74 2.75 2.3338356969629938e-06 0.9884654205811707 113401342.7627396 264.6601018232177
2.755 2.75 2.76 2.2600257153214606e-06 0.9888261375062692 113355293.41614197 256.18587808829034
2.765 2.76 2.77 2.2050509615497313e-06 0.9890949758620567 113308129.4047946 249.85019969544373
2.775 2.77 2.78 2.279353804002413e-06 0.9887316537197811 113259867.08835883 258.1593088886584
2.785 2.78 2.79 1.8163895944076467e-06 0.9909997914537165 113210522.62054285 205.63441526540555
2.795 2.79 2.8 2.226395438421429e-06 0.9889905794266141 113160111.9514904 251.93915706005646
2.805 2.8 2.81 1.9719709176904854e-06 0.9902364129600234 113108650.83024493 223.04696997645078
2.815 2.81 2.82 2.1857468754466252e-06 0.9891894116710753 113056154.80718273 247.11213711980963
2.825 2.82 2.83 2.1066263595530565e-06 0.9895766586306511 113002639.23667197 238.05433851503767
2.835 2.83 2.84 1.8635282585775298e-06 0.9907683756711592 112948119.2789164 210.4820120294462
2.845 2.84 2.85 1.6842918221778268e-06 0.9916488695923684 112892609.90299119 190.14409964391962
2.855 2.85 2.86 1.8611468457408413e-06 0.9907800640448997 112836125.88871314 210.00459978339495
2.865 2.86 2.87 1.7988517277667825e-06 0.9910859169298273 112778681.82911812 202.87212666356936
2.875 2.87 2.88 1.821580117936788e-06 0.9909743045472524 112720292.13286756 205.3290430372581
2.885 2.88 2.89 1.8360246222217158e-06 0.9909033849350817 112660971.02612314 206.8483167673694
2.895 2.89 2.9 1.8753776406823279e-06 0.9907102210155599 112600732.55540974 211.16889615886612
2.905 2.9 2.91 1.8130403804582897e-06 0.9910162377166494 112539590.5892243 204.03882213850738
2.915 2.91 2.92 1.698875975899294e-06 0.9915771668648153 112477558.82060616 191.08542250812752
2.925 2.92 2.93 1.6108915401059949e-06 0.9920098982361499 112414650.76913594 181.08780990797095
2.935 2.93 2.94 1.716363856107967e-06 0.991491201688861 112350879.78316474 192.83498926175525
2.945 2.94 2.95 1.8082138419439312e-06 0.9910399393190205 112286259.04194584 203.03756785974838
2.955 2.95 2.96 1.6592313078714261e-06 0.9917721033790003 112220801.55744739 186.2002673385432
2.965 2.96 2.97 1.909929452758091e-06 0.9905406858497023 112154520.17701587 214.2072213460342
2.975 2.97 2.98 1.6466663867705873e-06 0.9918339022594492 112087427.58485202 184.57059938355815
2.985 2.98 2.99 1.7099677939091417e-06 0.9915226410840725 112019536.30420895 191.5497993688332
2.995 2.99 3.0 1.6254969133504693e-06 0.9919380388976845 111950858.6995416 181.9757752630394
3.005 3.0 3.01 1.627246190752868e-06 0.9919294330429264 111881406.97838591 182.05859332164982
3.015 3.01 3.02 1.897038814550418e-06 0.9906039294796547 111811193.19318914 212.11017338867532
3.025 3.02 3.03 1.4934962095544384e-06 0.9925878689007351 111740229.2434726 166.88360882987035
3.035 3.03 3.04 1.6752093450997853e-06 0.9916935286665143 111668526.87750256 187.06815977871884
3.045 3.04 3.05 1.49083341213306e-06 0.9926009864226245 111596097.69445726 166.37119110656204
3.055 3.05 3.06 1.8339547324157615e-06 0.9909135470548196 111522953.14595164 204.52804769499926
3.065 3.06 3.07 1.4344567460832921e-06 0.9928787915967551 111449104.53814684 159.8689198496868
3.075 3.07 3.08 1.4451490985628366e-06 0.9928260913453133 111374563.03355835 160.95284937077668
3.085 3.08 3.09 1.4129407204159236e-06 0.9929848563088245 111299339.65255852 157.2593691505026
3.095 3.09 3.1 1.574402162733045e-06 0.9921894737335646 111223445.275619 175.11043278855504
3.105 3.1 3.11 1.462180484247282e-06 0.9927421589464946 111146890.64456499 162.51681438524975
3.115 3.11 3.12 1.2476813099704554e-06 0.9938002698870915 111069686.36483102 138.57957178168
3.125 3.12 3.13 1.272916226142206e-06 0.9936756705769991 110991842.90657787 141.28331780520966
3.135 3.13 3.14 1.2835063063300418e-06 0.9936233905604929 111045819.29176398 142.52800935256528
3.145 3.14 3.15 1.2245108398924779e-06 0.9939147033590418 110837477.81452894 135.72169305023272
3.155 3.15 3.16 1.291589162260341e-06 0.9935834916519081 110757833.50609684 143.05361739190994
3.165 3.16 3.17 1.3145207988385378e-06 0.9934703130523205 110677591.06451501 145.48799541965127
3.175 3.17 3.18 1.110755271831148e-06 0.9944768977157398 110596760.3059871 122.84593455732102
3.185 3.18 3.19 1.0520272338281723e-06 0.9947673880820677 110515350.92144571 116.2651589254383
3.195 3.19 3.2 1.2074537580027654e-06 0.9939989610948757 110280897.59890902 133.15908424172085
3.205 3.2 3.21 1.356619448451704e-06 0.9932626031755614 110347298.04775494 149.6992906156811
3.215 3.21 3.22 1.1115471441598156e-06 0.9944729819846544 110264151.70435205 122.56380293017719
3.225 3.22 3.23 9.380239357355755e-07 0.9953317748559347 110180463.82614224 103.35191231936915
3.235 3.23 3.24 1.0297715185113763e-06 0.9948775173411737 110096243.50627929 113.37397585785948
3.245 3.24 3.25 1.1373008376581392e-06 0.9943456493006432 110011499.72199714 125.1161707858555
3.255 3.25 3.26 8.836429888415377e-07 0.9956012198121544 109926241.3360458 97.1355524462997
3.265 3.26 3.27 1.0017449721261388e-06 0.9950162374348289 109840477.09812729 110.03214566898532
3.275 3.27 3.28 8.996504474557723e-07 0.995521891424639 109754215.64630492 98.74042921635555
3.285 3.28 3.29 8.530475467198373e-07 0.9957528772545937 109667465.50841711 93.55156240693759
3.295 3.29 3.3 8.423666312237078e-07 0.9958058319798112 109580235.10354877 92.30673349287827
3.305 3.3 3.31 7.026126519682767e-07 0.9964992351485396 109492532.74313036 76.9308388013742
3.315 3.31 3.32 8.033327941714243e-07 0.9959994050746415 109404366.6327727 87.88811554166023
3.325 3.32 3.33 7.598930072844181e-07 0.9962149162569196 109315744.87298054 83.06827011506539
3.335 3.33 3.34 7.037395964069575e-07 0.9964936398403832 109226675.4611424 76.86713650589809
3.345 3.34 3.35 4.644897364652339e-07 0.9976829325878321 109137166.29224415 50.693093609646894
3.355 3.35 3.36 6.151814134114417e-07 0.9969335251246828 109047225.16051322 67.08382610284025
3.365 3.36 3.37 5.483055104631584e-07 0.9972659678720919 108956859.76049997 59.741646609443706
3.375 3.37 3.38 4.647984016336566e-07 0.9976813964080494 108866077.6886997 50.60077890183311
3.385 3.38 3.39 3.476461683202517e-07 0.9982647853619994 108774886.44408907 37.815172481758054
3.395 3.39 3.4 3.776182888647543e-07 0.9981154667268258 108683293.43009806 41.040799293259624
3.405 3.4 3.41 2.1433839350130085e-07 0.9989294553266209 108591305.95543003 23.275286066695116
3.415 3.41 3.42 3.2906569508439224e-07 0.9983573741836083 108498931.2351386 35.70327622280456
3.425 3.42 3.43 2.5248135326269724e-07 0.998739184895206 108406176.39220536 27.370538117538672
3.435 3.43 3.44 1.9260422223425957e-07 0.9990379054062334 108313048.45836873 20.86155045614578
3.445 3.44 3.45 1.541932408913167e-07 0.9992296277265311 108219554.37545344 16.68672381696524
3.455 3.45 3.46 1.466298294686476e-07 0.9992673879665445 108125700.99627462 15.854453098261729
3.465 3.46 3.47 1.7410815614044941e-07 0.9991302164013909 108031495.08606933 18.80916441453155
3.475 3.47 3.48 8.814751770261036e-08 0.9995594565755334 107936943.32344502 9.514373622369021
3.485 3.48 3.49 6.748834584365385e-08 0.9996626720992918 107842052.30142976 7.278081722208299
3.495 3.49 3.5 1.0761073683690899e-07 0.9994622356618987 107746828.5285493 11.594715609797277
3.505 3.5 3.51 6.837443841075807e-08 0.9996582446445986 107651278.42998372 7.36059570685029
3.515 3.51 3.52 3.9312711948757045e-08 0.999803475069896 107555408.34858681 4.228294786938932
3.525 3.52 3.53 1.2068812583222314e-07 0.9993969232918272 107459224.54589204 12.96905241382774
3.535 3.53 3.54 6.822390441159737e-08 0.9996589968007904 107362733.20308319 7.324704847414978
3.545 3.54 3.55 8.752057031597947e-08 0.9995625885609133 107265940.42217322 9.387976281228475
3.555 3.55 3.56 3.9033369104269436e-08 0.9998048712371438 107168852.22681968 4.18316136545036
3.565 3.56 3.57 0.0 1.0 107071474.56335744 0.0
3.575 3.57 3.58 6.905042580559815e-08 0.9996548670288652 106973813.30191097 7.386587358545512
3.585 3.58 3.59 6.877615763755964e-08 0.9996562374251575 106875874.23719656 7.3505119741894305
3.595 3.59 3.6 6.893684234691882e-08 0.9996554345545344 106777663.08943091 7.360914926568512
3.605 3.6 3.61 1.8005383448049184e-07 0.9991005405831823 106679185.5053991 19.20799640950281
3.615 3.61 3.62 6.91283288203164e-08 0.9996544777827656 106580447.05952717 7.367728190147318
3.625 3.62 3.63 4.951234234310393e-08 0.9997524995599171 106481453.2541303 5.272146166709717
3.635 3.63 3.64 5.849532902133063e-08 0.9997076088724693 106382209.52122985 6.222862347960472
3.645 3.64 3.65 4.930920163793752e-08 0.9997535147617618 106282721.22280599 5.240716131404042
3.655 3.65 3.66 4.8736969046108505e-08 0.9997563745226062 106182993.65189682 5.175037274835631
3.665 3.66 3.67 6.917551738180537e-08 0.9996542420030327 106083032.03329413 7.3383486263337545
3.675 3.67 3.68 3.932083635948225e-08 0.999803434463809 105982841.52474889 4.167333968507592
3.685 3.68 3.69 2.9651863707201932e-08 0.9998517626590311 105882427.2173879 3.1396113008377142
3.695 3.69 3.7 8.052389921708011e-08 0.999597542541134 105781794.13688812 8.517962530080695
3.705 3.7 3.71 8.865559242301237e-08 0.9995569184461731 105680947.24408837 9.36920698574977
3.715 3.71 3.72 7.974740653088878e-08 0.9996014218951964 105579891.43596868 8.419722523831297
3.725 3.72 3.73 3.1167602445443077e-08 0.9998441862694748 105478631.54624426 3.287516054522712
3.735 3.73 3.74 1.9662794319098893e-08 0.9999016956930913 105377172.34638037 2.072009665775113
3.745 3.74 3.75 7.09888929355578e-08 0.9996451814761932 105275518.54607971 7.473392514802981
3.755 3.75 3.76 3.013405604403634e-08 0.9998493524178933 105173674.79453681 3.169309410615824
3.765 3.76 3.77 3.9827869886754325e-08 0.999800900299151 105071645.68061079 4.1847798329545185
3.775 3.77 3.78 6.966819614193432e-08 0.9996517803184757 104969435.7340884 7.313031237630639
3.785 3.78 3.79 7.017522384246314e-08 0.999649246951656 104867049.42598104 7.359068667166866
3.795 3.79 3.8 8.008417011883815e-08 0.9995997394220869 104764491.16975677 8.389977333252318
3.805 3.8 3.81 4.420544390558979e-08 0.9997790216227083 104661765.32145551 4.626619795977604
3.815 3.81 3.82 5.126920633058582e-08 0.999743719664794 104558876.18096995 5.360650596616324
3.825 3.82 3.83 5.980721940122085e-08 0.9997010532988486 104455827.99259499 6.2472126224893145
3.835 3.83 3.84 4.332545287481617e-08 0.9997834196528341 104352624.94520508 4.521124734426849
3.845 3.84 3.85 1.0637109292215656e-08 0.9999468172820908 104249271.1739383 1.1089108911110088
3.855 3.85 3.86 6.1183978045577e-08 0.9996941736681298 104145770.75989059 6.372052551712841
3.865 3.86 3.87 3.024941305704302e-08 0.9998487758069303 104042127.73141424 3.14721329708118
3.875 3.87 3.88 3.9980712169391244e-08 0.9998001363925999 103938346.06438828 4.155529097362887
3.885 3.88 3.89 4.5180856559922805e-08 0.9997741467384194 103834429.68336631 4.691328473505564
3.895 3.89 3.9 5.213965348070207e-08 0.9997393696784697 103730382.46159425 5.40846619696822
3.905 3.9 3.91 2.0343778540463132e-08 0.9998982914529784 103626208.22206952 2.108148631057702
3.915 3.91 3.92 3.002409974627804e-08 0.9998499020340502 103521910.73807286 3.108152173925191
3.925 3.92 3.93 4.091604254185435e-08 0.9997954616317936 103417493.73385976 4.2314345731865615
3.935 3.93 3.94 4.121454967374665e-08 0.9997939697088595 103312960.88490418 4.257997158332728
3.945 3.94 3.95 2.1149099991111605e-08 0.9998942656809728 103208315.81905076 2.18276299117133
3.955 3.95 3.96 4.1634261750831545e-08 0.9997918720175204 103103562.1167676 4.292640692612622
3.965 3.96 3.97 3.038519829373094e-08 0.9998480970865321 102998703.31175771 3.1296360241249204
3.975 3.97 3.98 2.0408416131995024e-08 0.999897968330864 102893742.89162384 2.0998983223107643
3.985 3.98 3.99 4.080777817733543e-08 0.9997960027324896 102788684.29845351 4.194577827991452
3.995 3.99 4.0 1.0600156895447196e-08 0.9999470020244571 102683530.92915139 1.0884615384275094
4.005 4.0 4.01 1.985725394406403e-08 0.9999007235870645 102578286.13640538 2.036923076957464
4.015 4.01 4.02 4.170175991145801e-08 0.9997915346672989 102472953.22906786 4.273302492976654
4.025 4.02 4.03 0.0 1.0 102365214.81822456 0.0
4.035 4.03 4.04 0.0 1.0 102261939.52979541 0.0
4.045 4.04 4.05 6.205548276837994e-08 0.9996898188283698 102156359.16143772 6.339362185623031
4.055 4.05 4.06 4.085974661361641e-08 0.9997957429963789 102050703.4397505 4.169765884289518
4.065 4.06 4.07 1.0171399544347838e-08 0.999949145588581 101944975.46148148 1.0369230769574642
4.075 4.07 4.08 0.0 1.0 101839178.28271165 0.0
4.085 4.08 4.09 5.137663541528912e-08 0.9997431827949431 101733314.91953765 5.226715430209879
4.095 4.09 4.1 3.1837765635815135e-08 0.9998408365088706 101627388.34784144 3.2355889723985456
4.105 4.1 4.11 0.0 1.0 101521401.50489454 0.0
4.115 4.11 4.12 1.0126937916495133e-08 0.9999493678741594 101415357.28863567 1.0270270270411856
4.125 4.12 4.13 2.046281168060685e-08 0.9998976964086925 101309258.55906238 2.0730722793960012
4.135 4.13 4.14 0.0 1.0 101203108.13843045 0.0
4.145 4.14 4.15 1.0990554747781043e-08 0.9999450502459024 101096908.81148432 1.1111111111240461
4.155 4.15 4.16 0.0 1.0 100990663.32610425 0.0
4.165 4.16 4.17 0.0 1.0 100884374.39399312 0.0
4.175 4.17 4.18 3.200450716301749e-08 0.9998400030672997 100778044.69069429 3.2253516531782225
4.185 4.18 4.19 1.072794289062331e-08 0.9999463631626115 100671676.85617204 1.0800000000162981
4.195 4.19 4.2 9.943790388482005e-09 0.9999502835199089 100565273.49553852 1.0
4.205 4.2 4.21 1.040099431980758e-08 0.9999479977327773 100458837.17914674 1.0448717948747799
4.215 4.21 4.22 0.0 1.0 100352370.44317117 0.0
4.225 4.22 4.23 2.0213457895704675e-08 0.9998989429240862 100245875.78979833 2.026315789495129
4.235 4.23 4.24 1.0473209864244373e-08 0.9999476366927383 100139355.68813972 1.0487804877921008
4.245 4.24 4.25 6.334339583304742e-08 0.9996833832987201 100032812.57421851 6.336418043181766
4.255 4.25 4.26 2.1235513011984946e-08 0.9998938337074185 99926248.85121782 2.121985157718882
4.265 4.26 4.27 6.411706102560366e-08 0.9996795174368722 99819666.89068161 6.400143673585262
4.275 4.27 4.28 2.133790815317407e-08 0.9998933218406778 99713069.03201401 2.1276683086762205
4.285 4.28 4.29 2.1287064200796288e-08 0.9998935760062678 99606457.5833346 2.120329057390336
4.295 4.29 4.3 2.0984587227903568e-08 0.9998950880715279 99499834.82170445 2.087962962978054
4.305 4.3 4.31 6.320722907740787e-08 0.9996840637019028 99393202.9938751 6.282368950371165
4.315 4.31 4.32 0.0 1.0 99286564.31588973 0.0
4.325 4.32 4.33 2.1125736383904662e-08 0.9998943824743206 99179920.97432402 2.095248865080066
4.335 4.33 4.34 1.0416819958854334e-08 0.999947918612818 99073275.12610891 1.032028469722718
4.345 4.34 4.35 0.0 1.0 98966628.89895608 0.0
4.355 4.35 4.36 0.0 1.0 98859984.39199609 0.0
4.365 4.36 4.37 1.0791677993282043e-08 0.9999460445213844 98753343.67578283 1.0657142857089639
4.375 4.37 4.38 0.0 1.0 98646708.79289186 0.0
4.385 4.38 4.39 0.0 1.0 98540081.75802672 0.0
4.395 4.39 4.4 1.1324950344360994e-08 0.9999433784544592 98433464.55873692 1.1147540983511135
4.405 4.4 4.41 0.0 1.0 98326859.15532485 0.0
4.415 4.41 4.42 0.0 1.0 98220267.48134664 0.0
4.425 4.42 4.43 0.0 1.0 98113691.4440774 0.0
4.435 4.43 4.44 0.0 1.0 98007132.92475067 0.0
4.445 4.44 4.45 1.0748032932404649e-08 0.999946262723188 97900593.77860706 1.0522388060344383
4.455 4.45 4.46 1.0512266457618495e-08 0.9999474414302603 97794075.83583827 1.0280373831628822
4.465 4.46 4.47 1.0775490284653923e-08 0.9999461254512 97687580.90118384 1.0526315789320506
4.475 4.47 4.48 2.1421585979761165e-08 0.9998929035409811 97581110.75448951 2.090342154027894
4.485 4.48 4.49 0.0 1.0 97474667.15153597 0.0
4.495 4.49 4.5 5.3562134005594424e-08 0.999732261033324 97368251.82340962 5.21525135205593
4.505 4.5 4.51 0.0 1.0 97261866.47755721 0.0
4.515 4.51 4.52 1.143641857397384e-08 0.9999428211767349 97155512.79774168 1.1111111111240461
4.525 4.52 4.53 0.0 1.0 97049192.44418387 0.0
4.535 4.53 4.54 2.133516257887401e-08 0.9998933355656208 96942907.05438688 2.0682926828740165
4.545 4.54 4.55 0.0 1.0 96836658.24281698 0.0
4.555 4.55 4.56 0.0 1.0 96730447.60155068 0.0
4.565 4.56 4.57 0.0 1.0 96624276.700319 0.0
4.575 4.57 4.58 0.0 1.0 96518147.08718115 0.0
4.585 4.58 4.59 2.282000131509193e-08 0.9998859130107508 96412060.28826746 2.200123342568986
4.595 4.59 4.6 0.0 1.0 96306017.80824922 0.0
4.605 4.6 4.61 0.0 1.0 96200021.13082609 0.0
4.615 4.61 4.62 2.1277512968168393e-08 0.9998936237522691 96094071.71873501 2.044642857159488
4.625 4.62 4.63 1.1906228973512665e-08 0.9999404723988788 95988171.01392749 1.142857142840512
4.635 4.63 4.64 0.0 1.0 95882320.43811029 0.0
4.645 4.64 4.65 0.0 1.0 95776521.39289607 0.0
4.655 4.65 4.66 1.0836091219602752e-08 0.9999458224792647 95670775.25968821 1.0366972477640957
4.665 4.66 4.67 1.0882635821707605e-08 0.9999455897815245 95565083.40069126 1.0399999999208376
4.675 4.67 4.68 0.0 1.0 95459447.15830815 0.0
4.685 4.68 4.69 0.0 1.0 95353867.85577847 0.0
4.695 4.69 4.7 0.0 1.0 95248346.79769251 0.0
4.705 4.7 4.71 2.1259889974688205e-08 0.9998937118484985 95142885.26960129 2.0227272727061063
4.715 4.71 4.72 1.0860031668296802e-08 0.9999457027900056 95037484.53860149 1.0321100917644799
4.725 4.72 4.73 2.152986635986473e-08 0.999892362255332 94932145.85385853 2.0438764134887606
4.735 4.73 4.74 1.0994280277700474e-08 0.9999450316203005 94826870.44585305 1.0425531915389001
4.745 4.74 4.75 1.0896436138964193e-08 0.9999455207874514 94721659.52799417 1.0321285140234977
4.755 4.75 4.76 1.1065811870119339e-08 0.9999446740017849 94616514.29551147 1.047008547000587
4.765 4.76 4.77 2.2086455945233023e-08 0.9998895799142157 94511435.92630595 2.08742266590707
4.775 4.77 4.78 1.0984814123540593e-08 0.99994507894587 94406425.58145528 1.0370370370801538
4.785 4.78 4.79 2.2058874635627535e-08 0.9998897177903291 94301484.404611 2.080184622434899
4.795 4.79 4.8 0.0 1.0 94196613.52298246 0.0
4.805 4.8 4.81 0.0 1.0 94091814.0469645 0.0
4.815 4.81 4.82 0.0 1.0 93987087.07075793 0.0
4.825 4.82 4.83 0.0 1.0 93882433.67239611 0.0
4.835 4.83 4.84 4.470438821883807e-08 0.9997765280097988 93777854.91372722 4.192281632393133
4.845 4.84 4.85 3.36791284583088e-08 0.9998316327100264 93673351.84105252 3.1548368497751653
4.855 4.85 4.86 2.293861399234054e-08 0.9998853200830299 93568925.48490462 2.1463414633763023
4.865 4.86 4.87 0.0 1.0 93464576.86080101 0.0
4.875 4.87 4.88 2.246709898247759e-08 0.9998876771229336 93360306.9683931 2.09753525769338
4.885 4.88 4.89 1.1143673166570058e-08 0.9999442847385304 93256116.79290213 1.0392156863235869
4.895 4.89 4.9 1.1343466418797386e-08 0.9999432858845794 93152007.30431263 1.056666666700039
4.905 4.9 4.91 0.0 1.0 93047979.45830303 0.0
4.915 4.91 4.92 2.267005754199954e-08 0.9998866625591215 92944034.19559866 2.1070466033997945
4.925 4.92 4.93 2.1899454920949376e-08 0.9998905147137357 92840172.44312404 2.0331491712713614
4.935 4.93 4.94 0.0 1.0 92736395.11319625 0.0
4.945 4.94 4.95 2.2612182570880188e-08 0.9998869518684707 92632703.10451767 2.0946275946334936
4.955 4.95 4.96 0.0 1.0 92529097.3018392 0.0
4.965 4.96 4.97 0.0 1.0 92425578.57626157 0.0
4.975 4.97 4.98 2.3152668392691418e-08 0.9998842500576367 92322147.7853949 2.1375040729762986
4.985 4.98 4.99 0.0 1.0 92218805.7737222 0.0
