# effective area (deg^2), effective volume (Mpc/h)^3: 1838.8730140161808 53674436.18509478
# zcen,zlow,zhigh,nbar,wfkp,shell_vol,total weighted gals
0.005 0.0 0.01 0.00020558148614182404 0.4931191556659562 4995.717495292908 1.027027027027027
0.015 0.01 0.02 6.15500752545799e-05 0.7646719268015117 34689.62928139706 2.1351492928234674
0.025 0.02 0.03 1.1352682760653001e-05 0.9462855989696171 93307.3318335619 1.0592885375494072
0.035 0.03 0.04 1.219939720936344e-05 0.9425097461642312 180011.06769031525 2.196026516835765
0.045 0.04 0.05 0.0 1.0 293966.42049195 0.0
0.055 0.05 0.06 0.0 1.0 434343.08881242096 0.0
0.065 0.06 0.07 0.0 1.0 600315.632377701 0.0
0.075 0.07 0.08 0.0 1.0 791064.189677134 0.0
0.085 0.08 0.09 1.083031030179181e-06 0.9946140108161756 1005775.1661145851 1.0892857142857162
0.095 0.09 0.1 2.538906932721591e-06 0.9874645964512637 1243641.8919837044 3.157491021380423
0.105 0.1 0.11 6.649531932525176e-07 0.9966862514720639 1503865.2496856987 1.0
0.115 0.11 0.12 0.0 1.0 1785654.269738312 0.0
0.125 0.12 0.13 1.503614105051534e-06 0.9925380290982391 2088226.695249918 3.139887113522928
0.135 0.13 0.14 1.3056443822113424e-06 0.9935141193570689 2410809.514653619 3.1476598993891507
0.145 0.14 0.15 1.1326569504666964e-06 0.9943686074273576 2752639.462611624 3.1177962194559683
0.155 0.15 0.16 6.785728859044202e-07 0.9966186081745249 3112963.489109547 2.1123726185201583
0.165 0.16 0.17 1.5044207363685527e-06 0.9925340559235829 3491039.196864344 5.2519917592381375
0.175 0.17 0.18 4.063698461685821e-06 0.9800861275556622 3886135.247267564 15.792081826224248
0.185 0.18 0.19 2.2124544465796955e-06 0.98905876271254 4297531.735176282 9.508093196808119
0.195 0.19 0.2 3.1040253739167225e-06 0.9847170662019022 4724520.299505175 14.665030889248698
0.205 0.2 0.21 3.2633839561132367e-06 0.9839450475899888 5166405.47754116 16.859964746183365
0.215 0.21 0.22 4.087653536733767e-06 0.9799710885695591 5622503.104167789 22.982844699048044
0.225 0.22 0.23 3.8095008160797635e-06 0.9813085219245128 6092142.291456858 23.20802103097894
0.235 0.23 0.24 5.118693319802148e-06 0.9750452129108411 6574664.859234873 33.653693094903474
0.245 0.24 0.25 4.763612516186417e-06 0.9767360398771542 7069425.681523033 33.67600465875282
0.255 0.25 0.26 3.891454175444208e-06 0.9809140888656586 7575792.858202124 29.480850750351067
0.265 0.26 0.27 1.674161842638439e-06 0.9916986795564582 8093147.8605562905 13.54923933497426
0.275 0.27 0.28 2.321342376586445e-06 0.9885264582108908 8620885.651547302 20.012027186642797
0.285 0.28 0.29 2.069192744011166e-06 0.989759979164006 9158414.781705549 18.95052541294973
0.295 0.29 0.3 2.2719846324011876e-06 0.9887676751848252 9705157.461552536 22.04996860768108
0.305 0.3 0.31 1.8674053483112882e-06 0.9907493468542423 10260549.611480197 19.16060522109143
0.315 0.31 0.32 1.2749988316599026e-06 0.9936653889501385 10824040.890038386 13.800639488637955
0.325 0.32 0.33 7.416339495339211e-07 0.9963055299743134 11395094.701587468 8.450989088851372
0.335 0.33 0.34 1.776502428362265e-06 0.991195692228866 11973188.18427935 21.270397884610645
0.345 0.34 0.35 1.8657507427726207e-06 0.9907574675946389 12557812.17933203 23.429747401187797
0.355 0.35 0.36 2.0060180990423564e-06 0.9900695131861923 13148471.182570597 26.376071166973475
0.365 0.36 0.37 3.5915792173660385e-06 0.9823589009370005 13744683.279184468 49.36511881479743
0.375 0.37 0.38 3.965867900762934e-06 0.9805562178536044 14345980.06266547 56.89426183551001
0.385 0.38 0.39 5.688398242444496e-06 0.9723445838897554 14951906.538863098 85.05239887686321
0.395 0.39 0.4 5.220852100033692e-06 0.9745598361637792 15562021.01608733 81.24701010260799
0.405 0.4 0.41 6.252983288434816e-06 0.9696829437870951 16175894.982170632 101.14760099898956
0.415 0.41 0.42 6.9993136895199055e-06 0.9661867782807327 16793112.96938993 117.54026549630521
0.425 0.42 0.43 8.043977408541861e-06 0.9613352065811275 17413272.408119526 140.0719698596988
0.435 0.43 0.44 8.601772712125191e-06 0.9587646231367561 18035983.470067274 155.14143044916568
0.445 0.44 0.45 9.724261039520961e-06 0.9536331133493016 18660868.90192741 181.46316042662102
0.455 0.45 0.46 8.91612375199592e-06 0.957321993191008 19287563.85025853 171.97030616342795
0.465 0.46 0.47 8.224171002804822e-06 0.9605032837292745 19915715.67836508 163.79025138211546
0.475 0.47 0.48 9.263281627387016e-06 0.9557338413344718 20544983.77592783 190.3139707465166
0.485 0.48 0.49 9.060618185215663e-06 0.9566603300809697 21175039.362135045 191.85894671721826
0.495 0.49 0.5 9.17642009798402e-06 0.9561307144768729 21805565.2829784 200.0970275106256
0.505 0.5 0.51 8.580914178638582e-06 0.9588605016310865 22436255.80342768 192.52358553919476
0.515 0.51 0.52 9.128282061253655e-06 0.956350800708151 23066816.3950849 210.5604063094852
0.525 0.52 0.53 1.0608978856355095e-05 0.9496271293182097 23696963.519965578 251.4005849431328
0.535 0.53 0.54 9.71376149451143e-06 0.9536808580167226 24326424.410986308 236.30108474258168
0.545 0.54 0.55 9.926415487364352e-06 0.9527147859676486 24954936.84969228 247.7130716309848
0.555 0.55 0.56 1.1872069858209457e-05 0.9439658570091161 25582248.941808388 303.7142465672541
0.565 0.56 0.57 1.0747125340483124e-05 0.9490046408788729 26208118.89105123 281.6619386604111
0.575 0.57 0.58 1.08484392676094e-05 0.9485486385135602 26832314.771741293 291.088737210614
0.585 0.58 0.59 9.203033024095719e-06 0.9560090841367691 27454614.30061446 252.6657220723655
0.595 0.59 0.6 1.1230761066624765e-05 0.9468317918757938 28074804.608287256 315.30142254785005
0.605 0.6 0.61 1.0627749064507784e-05 0.9495425027722587 28692682.01075842 304.9386243980571
0.615 0.61 0.62 1.187848470125415e-05 0.9439372774540904 29308052.7437446 348.13525614011996
0.625 0.62 0.63 1.1797092251530114e-05 0.9443000273227552 29920727.704552438 352.977584963518
0.635 0.63 0.64 1.1704997942036897e-05 0.9447108095896648 30530532.627503015 357.35982157421313
0.645 0.64 0.65 1.2577126399057453e-05 0.9408349966334232 31137297.193236966 391.6177225243582
0.655 0.65 0.66 1.3525447166914167e-05 0.9366565093464422 31740860.240075577 429.30932820954877
0.665 0.66 0.67 1.3978035809647564e-05 0.934675370970868 32341068.440420486 452.06461278246024
0.675 0.67 0.68 1.224581301995849e-05 0.942303629712559 32937776.0816316 403.34984718892156
0.685 0.68 0.69 1.3576936330792237e-05 0.9364307000369928 33530844.849291105 455.2461456364981
0.695 0.69 0.7 1.3247899822490857e-05 0.9378755906458235 34120143.61302132 452.0202445143077
0.705 0.7 0.71 1.3612758443032253e-05 0.9362736638848161 34705548.21509852 472.43824448514533
0.715 0.71 0.72 1.4260395306307537e-05 0.9334436245862385 35286941.26195873 503.20573154598605
0.725 0.72 0.73 1.260792034405939e-05 0.9406987269163998 35864211.918790124 452.1731270745713
0.735 0.73 0.74 1.493246695626553e-05 0.9305248426739364 36437255.707334615 544.0981168267717
0.745 0.74 0.75 1.4546268904151717e-05 0.932199851442533 37005974.30698916 538.2988533295938
0.755 0.75 0.76 1.349586564687238e-05 0.9367862904230899 37570275.359362 507.0433885659495
0.765 0.76 0.77 1.254409979207515e-05 0.9409811902360656 38130072.27630809 478.30743171304675
0.775 0.77 0.78 1.3968138946360559e-05 0.9347186033624275 38685284.05158152 540.3614228119168
0.785 0.78 0.79 1.4080862903466243e-05 0.9342264286844938 39235835.0761274 552.474414609962
0.795 0.79 0.8 1.4331527548162019e-05 0.9331338337756139 39781654.95711571 570.1318839293799
0.805 0.8 0.81 1.3756715059483171e-05 0.9356431209393585 40322678.34065201 554.7075963675434
0.815 0.81 0.82 1.3667915635826911e-05 0.9360319700075029 40858844.73837919 558.455242861517
0.825 0.82 0.83 1.4075609966069468e-05 0.9342493525147475 41390098.35781162 582.5908809418088
0.835 0.83 0.84 1.4200677945583514e-05 0.9337038608757758 41916387.936523825 595.2411257287167
0.845 0.84 0.85 1.6076001391663247e-05 0.9256002458018296 42437666.580183916 682.2279870019775
0.855 0.85 0.86 1.4286461105993101e-05 0.9333300805274555 42953891.60440079 613.6591017573155
0.865 0.86 0.87 1.665956343862603e-05 0.9231071863423871 43465024.38042039 724.1083310270405
0.875 0.87 0.88 1.5527846718462446e-05 0.9279543365050829 43971030.18461977 682.7754167596613
0.885 0.88 0.89 1.568686075538035e-05 0.9272702069080996 44471878.051820084 697.6241585291573
0.895 0.89 0.9 1.6081438139694766e-05 0.9255769571040237 44967540.632351905 723.1427229733781
0.905 0.9 0.91 1.5646014011992706e-05 0.9274458464550028 45457994.05285952 711.2364119081212
0.915 0.91 0.92 1.524721736747332e-05 0.9291641603828817 45943217.780856125 700.5062280658785
0.925 0.92 0.93 1.554627106814728e-05 0.9278750173171302 46423194.492885344 721.7075654357177
0.935 0.93 0.94 1.5817447095373983e-05 0.9267091363174917 46897909.9463669 741.8052094602717
0.945 0.94 0.95 1.6236306355518612e-05 0.9249140598580881 47367352.85500617 769.0708522038294
0.955 0.95 0.96 1.5697906041310746e-05 0.927222723996661 47831514.767727375 750.8546246373517
0.965 0.96 0.97 1.4986753529335107e-05 0.9302898746862088 48290389.95111494 723.7161720328404
0.975 0.97 0.98 1.5976722711324448e-05 0.9260257192962456 48743975.27525931 778.7689768204727
0.985 0.98 0.99 1.7069060203087916e-05 0.9213657617206329 49192270.1030041 839.6658199147387
0.995 0.99 1.0 1.6152462644842013e-05 0.9252728261931396 49635276.18249933 801.7319444042369
1.005 1.0 1.01 1.6262065937275616e-05 0.9248038907480324 50072997.542988636 814.2903877211211
1.015 1.01 1.02 1.6176325163214733e-05 0.9251706904028391 50505440.39386309 816.9924263224893
1.025 1.02 1.03 1.7438710068400696e-05 0.9197994227296745 50932613.02673915 888.1990715993525
1.035 1.03 1.04 1.702128199831906e-05 0.9215686045092532 51354525.72074983 874.1198641828123
1.045 1.04 1.05 1.6064617309395354e-05 0.9256490141262161 51771190.65072226 831.6843654555996
1.055 1.05 1.06 1.677327601626816e-05 0.9226229527711276 52182621.79835816 875.273518676393
1.065 1.06 1.07 1.6946554467804515e-05 0.921886040046239 52588834.86630088 891.199554460145
1.075 1.07 1.08 1.6739075218796324e-05 0.922768539997237 52989847.19499661 887.0010380295716
1.085 1.08 1.09 1.5756076085233684e-05 0.9269727352706892 53385677.68231992 841.1487994243944
1.095 1.09 1.1 1.7172323462465103e-05 0.9209276615515279 53776346.7058796 923.4648202630342
1.105 1.1 1.11 1.6305459963454525e-05 0.9246183616159787 54161876.047957405 883.134301445556
1.115 1.11 1.12 1.7136307472200322e-05 0.9210804140878455 54542288.82298746 934.6534315082681
1.125 1.12 1.13 1.7198464224570003e-05 0.9208168239772274 54917609.40754748 944.4985406946143
1.135 1.13 1.14 1.761641288461398e-05 0.9190483261299106 55287863.3727593 973.9738286826541
1.145 1.14 1.15 1.7735142726684033e-05 0.9185471738526546 55653077.419098206 987.015271206903
1.155 1.15 1.16 1.8351619674488813e-05 0.9159538193403521 56013279.313438565 1027.9343986811364
1.165 1.16 1.17 1.8412443999136664e-05 0.9156987410515426 56368497.82842348 1037.881809581304
1.175 1.17 1.18 1.8656751608427195e-05 0.9146756207105926 56718762.683931105 1058.187866931432
1.185 1.18 1.19 1.7857922816893873e-05 0.9180295002082473 57064104.49075535 1019.046373611076
1.195 1.19 1.2 1.675244894727983e-05 0.9227116047424474 57404554.69626246 961.6668718904693
1.205 1.2 1.21 1.810854308554719e-05 0.9169746272687513 57740145.53210459 1045.589913133881
1.215 1.21 1.22 1.863729327773638e-05 0.9147570252159072 58070909.96387798 1082.2845799018178
1.225 1.22 1.23 1.9844014324929807e-05 0.9097359353364048 58396881.64262577 1158.8285558474963
1.235 1.23 1.24 1.757486242853761e-05 0.9192238375685055 58718094.858255506 1031.9624391996622
1.245 1.24 1.25 1.8224140580124768e-05 0.9164888882977021 59034584.4946504 1075.8545669197629
1.255 1.25 1.26 1.7943518262831462e-05 0.9176689520025447 59346385.986559816 1064.8829607828811
1.265 1.26 1.27 1.7884768877640172e-05 0.9179163877779638 59653535.27815652 1066.8896911839838
1.275 1.27 1.28 1.7123000440100523e-05 0.9211368652542898 59956068.7832221 1026.6277921618093
1.285 1.28 1.29 1.8041106737034046e-05 0.9172582316838435 60254023.34686247 1087.0492665364873
1.295 1.29 1.3 1.9749584852506374e-05 0.9101268616012992 60547436.20880448 1195.786729007501
1.305 1.3 1.31 1.7914474810316534e-05 0.9177912581258764 60845990.24694912 1090.0239595877356
1.315 1.31 1.32 1.8552995164296155e-05 0.9151098563057942 61111142.270778336 1133.7947270343648
1.325 1.32 1.33 1.92583385480475e-05 0.9121659925201554 61400802.17075525 1182.4774353260946
1.335 1.33 1.34 1.9015379992132917e-05 0.9131778782256481 61676427.31148592 1172.8007018850694
1.345 1.34 1.35 1.9681330862339788e-05 0.9104096338770233 61947701.68368303 1219.2132129980891
1.355 1.35 1.36 1.8671512220986774e-05 0.914613878912048 62214664.20294112 1161.6418629898035
1.365 1.36 1.37 1.8348340662738898e-05 0.9159675745322939 62477353.96114964 1146.355774185693
1.375 1.37 1.38 1.841931225657631e-05 0.9156699466440074 62735810.20030417 1155.5504777487076
1.385 1.38 1.39 1.8212445412491684e-05 0.9165380078204783 62990072.287505016 1147.2032530650904
1.395 1.39 1.4 1.8125167299477355e-05 0.9169047408702169 63240179.690988556 1146.2388369481778
1.405 1.4 1.41 1.7137544977863536e-05 0.9210751646860027 63486171.957239136 1087.9971273895644
1.415 1.41 1.42 1.83269964761013e-05 0.9160571217856358 63728088.68911592 1167.9444568340987
1.425 1.42 1.43 1.7845136375410848e-05 0.9180833840391164 63965969.52495417 1141.4814495581813
1.435 1.43 1.44 1.7347601763051906e-05 0.9201849865269554 64199854.118647285 1113.7135024963209
1.445 1.44 1.45 1.7631798729789825e-05 0.9189833524664227 64429782.12061846 1136.0129505549558
1.455 1.45 1.46 1.7753824061184705e-05 0.918468370703808 64655793.15968703 1147.887576293433
1.465 1.46 1.47 1.7527277771719e-05 0.9194249201697235 64877926.82576519 1137.1334447284462
1.475 1.47 1.48 1.678040371698478e-05 0.922592617094245 65096222.65342243 1092.3408965751587
1.485 1.48 1.49 1.7258586597056458e-05 0.9205620046260107 65310720.10622477 1127.1707186693966
1.495 1.49 1.5 1.7279005783875923e-05 0.9204754931497474 65521458.56180485 1132.1456614574126
1.505 1.5 1.51 1.7224901131260306e-05 0.9207047578728003 65728477.29773621 1132.1665229617938
1.515 1.51 1.52 1.53583151226228e-05 0.928684828752129 65931815.47800722 1012.6015987178544
1.525 1.52 1.53 1.703036534169617e-05 0.9215300342194823 66131512.14034623 1126.243812348912
1.535 1.53 1.54 1.600298925245212e-05 0.9259131120924039 66327606.18402751 1061.4399689038692
1.545 1.54 1.55 1.567072709621382e-05 0.9273395731205428 66520136.35847274 1042.418903276557
1.555 1.55 1.56 1.5847303933200096e-05 0.9265809503087216 66709141.25229133 1057.160036547837
1.565 1.56 1.57 1.731943093021178e-05 0.920304268900034 66894659.28306855 1158.577431053156
1.575 1.57 1.58 1.582507367471241e-05 0.9266763893310948 67076796.20829617 1061.4952418599569
1.585 1.58 1.59 1.6321145325857798e-05 0.9245513178969526 67255386.30168112 1097.6849337764434
1.595 1.59 1.6 1.5565060116520154e-05 0.9277941420186243 67430672.00966807 1049.5624635278364
1.605 1.6 1.61 1.6264060607593053e-05 0.9247953609957233 67602622.59606922 1099.4931511347095
1.615 1.61 1.62 1.6787983938669355e-05 0.9225603576653086 67771275.48648497 1137.743084370246
1.625 1.62 1.63 1.6559433294762634e-05 0.9235340015310101 67936667.8848819 1124.9927201081446
1.635 1.63 1.64 1.5579631860313567e-05 0.9277314293290542 68098836.76681978 1060.9548069426382
1.645 1.64 1.65 1.6980549385180117e-05 0.9217416057186005 68257818.87321845 1159.0552643013652
1.655 1.65 1.66 1.715806624137648e-05 0.9209881238198867 68413650.7042965 1173.845950598712
1.665 1.66 1.67 1.7173148030533957e-05 0.9209241649519236 68566368.51420417 1177.5003964105708
1.675 1.67 1.68 1.7683190430159526e-05 0.918766394432128 68716008.30576833 1215.118260471325
1.685 1.68 1.69 1.638962757658498e-05 0.924258719051659 68862605.82578997 1128.6324634378689
1.695 1.69 1.7 1.723100050739984e-05 0.9206789064767352 69006196.56061327 1189.0458079496602
1.705 1.7 1.71 1.603901170524358e-05 0.9257587248773075 69146815.7319573 1109.046586905184
1.715 1.71 1.72 1.6240015937277885e-05 0.9248981930246045 69284498.2932635 1125.1813564889017
1.725 1.72 1.73 1.6135004702627516e-05 0.9253475635525718 69419278.92615645 1120.0803919265454
1.735 1.73 1.74 1.6774099476774148e-05 0.9226194480001917 69551192.03726855 1166.6586139613646
1.745 1.74 1.75 1.581766749258963e-05 0.9267081899440288 69680271.75540945 1102.1793694203516
1.755 1.75 1.76 1.6402345454314805e-05 0.9242044007430706 69806551.92891924 1144.9911797126988
1.765 1.76 1.77 1.657457073095856e-05 0.9234694513071507 69930066.12328377 1159.060827180976
1.775 1.77 1.78 1.6281876788468044e-05 0.9247191811434468 70050847.61904775 1140.5592698610853
1.785 1.78 1.79 1.648494027649754e-05 0.9238517919286083 70168929.40998977 1156.7306105894531
1.795 1.79 1.8 1.639514195216168e-05 0.9242351662599424 70284344.2014159 1152.3218001968053
1.805 1.8 1.81 1.5360380902972092e-05 0.9286759206193431 70397124.40867512 1081.3266453911638
1.815 1.81 1.82 1.5595751122783863e-05 0.927662066429584 70507302.15612525 1099.6143367658515
1.825 1.82 1.83 1.4565216819188582e-05 0.9321175303476028 70614909.27588212 1028.5214642705541
1.835 1.83 1.84 1.53636369882189e-05 0.9286618799576674 70719977.30713156 1086.5160591618478
1.845 1.84 1.85 1.5545896368486344e-05 0.9278766303121362 70822537.49539997 1100.9998284567264
1.855 1.85 1.86 1.4139806750287496e-05 0.9339692747235165 70922620.79213415 1002.8321522246988
1.865 1.86 1.87 1.3973027320318103e-05 0.9346972490163423 71020257.85429531 992.3680032941047
1.875 1.87 1.88 1.4327916111456255e-05 0.9331495571299944 71115479.0442479 1018.9366179720091
1.885 1.88 1.89 1.4363401439601284e-05 0.9329950852471041 71208314.42973113 1022.793605991581
1.895 1.89 1.9 1.4504527990314732e-05 0.9323812502877811 71298793.78394161 1034.1553501148592
1.905 1.9 1.91 1.4114791770219484e-05 0.9340783901311827 71386946.58591516 1007.6118861719733
1.915 1.91 1.92 1.5206705403273794e-05 0.929339072522029 71472802.02071622 1086.8658446755435
1.925 1.92 1.93 1.4823162605324281e-05 0.9309983037883229 71556388.98015153 1060.6919893026206
1.935 1.93 1.94 1.399750174060303e-05 0.93459034976226 71637736.06318335 1002.7493352372694
1.945 1.94 1.95 1.355136844051538e-05 0.9365428161876185 71716871.5769009 971.8617501397093
1.955 1.95 1.96 1.3498321899050765e-05 0.9367755128987233 71793823.5371329 969.0961404678674
1.965 1.96 1.97 1.3245385521098526e-05 0.9378866488072821 71868619.6695104 951.9275743918697
1.975 1.97 1.98 1.3225288818040343e-05 0.9379750455898016 71941287.41050513 951.44430394558
1.985 1.98 1.99 1.36692260543693e-05 0.9360262293883581 72011853.90838404 984.3463096679188
1.995 1.99 2.0 1.361331330315488e-05 0.9362712319159845 72080346.02469221 981.2523334339494
2.005 2.0 2.01 1.3200537256542927e-05 0.938083940001245 72146790.3352771 952.3763937608164
2.015 2.01 2.02 1.298559174491596e-05 0.9390306563062338 72211213.13170025 937.7053331333736
2.025 2.02 2.03 1.2884867423787979e-05 0.9394749491604859 72273640.4227915 931.2362750821922
2.035 2.03 2.04 1.2031933439528704e-05 0.9432541445793108 72334097.93600512 870.3190517743642
2.045 2.04 2.05 1.1793404890420854e-05 0.9443164677553457 72392611.11898398 853.7553740009607
2.055 2.05 2.06 1.2220754057135746e-05 0.9424148966417979 72449205.14123054 885.383917665953
2.065 2.06 2.07 1.1438188074915752e-05 0.9459029223667816 72503904.89572507 829.3133003631083
2.075 2.07 2.08 1.1739936277895787e-05 0.9445549267451945 72556735.00072065 851.8114454406314
2.085 2.08 2.09 1.1648150636409189e-05 0.9449645527192932 72607719.80132438 845.7456576120167
2.095 2.09 2.1 1.0898278409502388e-05 0.9483244790251861 72656883.37152451 791.8349433496187
2.105 2.1 2.11 1.1911741514019178e-05 0.9437891386814395 72704249.51596396 866.0342272049165
2.115 2.11 2.12 1.1226926639297368e-05 0.9468489798250528 72749841.77169685 816.7571365913318
2.125 2.12 2.13 1.095848121241325e-05 0.9480538485609442 72793683.41037224 797.7082120349223
2.135 2.13 2.14 1.0249513260062067e-05 0.9512507158702231 72835797.43997502 746.5314716682187
2.145 2.14 2.15 1.0727196850695933e-05 0.9490943883323406 72876206.60688995 781.7574140040961
2.155 2.15 2.16 9.736526680328622e-06 0.9535773437539156 72914933.39796308 709.938194423652
2.165 2.16 2.17 1.073305794052673e-05 0.94906799129942 72952000.04254164 782.9980433339078
2.175 2.17 2.18 9.361223932607218e-06 0.9552867347794042 72987428.51438293 683.2516625883
2.185 2.18 2.19 9.405684549755515e-06 0.9550839101145762 73021240.53404759 686.8147538950725
2.195 2.19 2.2 9.166368667672357e-06 0.9561766610662153 73053457.57067165 669.6349245409365
2.205 2.2 2.21 8.548654460510183e-06 0.959008824666721 73084100.8443926 624.7707246757927
2.215 2.21 2.22 9.051491891596442e-06 0.9567020937774982 73113191.32826255 661.7834584765078
2.225 2.22 2.23 9.396342391602395e-06 0.9551265209110967 73140749.75052743 687.2555274344631
2.235 2.23 2.24 8.566182656124132e-06 0.9589282282149848 73166796.59679662 626.7601440116414
2.245 2.24 2.25 8.425092247339113e-06 0.9595773610725287 73191352.11215554 616.6438932523888
2.255 2.25 2.26 8.102172662738661e-06 0.9610663715853199 73214436.30342355 593.1960043354193
2.265 2.26 2.27 7.362043768193801e-06 0.9644966666299659 73236068.94120388 539.1671449556015
2.275 2.27 2.28 7.798461269415676e-06 0.9624710345698625 73256269.56242922 571.2861809244787
2.285 2.28 2.29 8.46507996363618e-06 0.9593932951978681 73275057.47203422 620.2792208408064
2.295 2.29 2.3 8.379747179861902e-06 0.9597861726330392 73292451.74572757 614.1722158214252
2.305 2.3 2.31 8.286880097428524e-06 0.9602141042510588 73308471.23177417 607.4985112235008
2.315 2.31 2.32 7.214478359688457e-06 0.9651835218426902 73323134.55344532 528.9881675003562
2.325 2.32 2.33 7.958387641141895e-06 0.9617308648551599 73336460.11112846 583.6399777935003
2.335 2.33 2.34 6.899404249022291e-06 0.9666533392202608 73348466.08454087 506.06071856294875
2.345 2.34 2.35 7.510446518102246e-06 0.9638068991507515 73359170.4350133 550.9601261645148
2.355 2.35 2.36 6.822331098854916e-06 0.9670135663658386 73368590.90760958 500.5448194281489
2.365 2.36 2.37 6.96238686154951e-06 0.9663591681216592 73376745.03333053 510.87728556332877
2.375 2.37 2.38 7.656291865312706e-06 0.9631299788870418 73383650.1313774 561.8466435478185
2.385 2.38 2.39 7.089322740478942e-06 0.9657668360364325 73389323.3112788 520.2805986590101
2.395 2.39 2.4 6.874889294074354e-06 0.9667678889519471 73393781.47510159 504.57412251480855
2.405 2.4 2.41 6.041135332714969e-06 0.9706799551314851 73397041.31957771 443.4014596324414
2.415 2.41 2.42 6.4237190323361e-06 0.9688809064072244 73399119.33835207 471.4953198504809
2.425 2.42 2.43 6.216153258361991e-06 0.9698561283384335 73400031.82405816 456.265846986993
2.435 2.43 2.44 5.6841383201653735e-06 0.9723647221094048 73399794.87050897 417.2145867157378
2.445 2.44 2.45 5.8610149145434775e-06 0.9715292625124942 73398424.37488227 430.18925996517646
2.455 2.45 2.46 5.4234532083540135e-06 0.9735986659573229 73395936.03966789 398.05942479448277
2.465 2.46 2.47 6.040401232953575e-06 0.9706834135596341 73392345.3750482 443.3192134927958
2.475 2.47 2.48 5.347500004852675e-06 0.9739587771717392 73387667.70075426 392.4405533859099
2.485 2.48 2.49 5.312129434733705e-06 0.9741265679267996 73381918.14833082 389.81424737296766
2.495 2.49 2.5 5.095732284563302e-06 0.9751543719227997 73375111.66313644 373.8999253852817
2.505 2.5 2.51 5.11062890951063e-06 0.9750835491233109 73367263.00635344 374.95285533193965
2.515 2.51 2.52 4.439086985894023e-06 0.9782865055242576 73358386.75727291 325.6442599603906
2.525 2.52 2.53 4.612441179361202e-06 0.977457669959971 73348497.31503268 338.3156294601213
2.535 2.53 2.54 5.069496383257278e-06 0.9752791298917376 73337608.90079252 371.78474307930446
2.545 2.54 2.55 4.463366002058687e-06 0.9781703388272805 73325735.55980407 327.2795951735752
2.555 2.55 2.56 4.29550316923058e-06 0.9789740689217601 73312891.16331826 314.91575633749017
2.565 2.56 2.57 4.250225634795754e-06 0.9791910847511364 73299089.41059391 311.5376688200922
2.575 2.57 2.58 4.743621803272688e-06 0.9768314062167437 73284343.83081381 347.6332112343807
2.585 2.58 2.59 4.159337232312735e-06 0.9796270046293312 73268667.78513737 304.7490978806745
2.595 2.59 2.6 3.318974533626346e-06 0.9836760216736317 73252074.46856686 243.12176969647408
2.605 2.6 2.61 3.931148445208626e-06 0.9807231584033137 73234576.91187909 287.895993162645
2.615 2.61 2.62 3.6603475493761745e-06 0.9820271958021247 73216187.98353279 267.99669426018954
2.625 2.62 2.63 3.2765120224258514e-06 0.9838815021478509 73196920.39155762 239.8305896674865
2.635 2.63 2.64 3.357857556277392e-06 0.9834879379797354 73176786.68548587 245.7172261159576
2.645 2.64 2.65 3.490695013847528e-06 0.9828459231828267 73155799.25803906 255.36458370406763
2.655 2.65 2.66 3.0263681273619546e-06 0.9850937188342774 73133970.34719637 221.3303168861894
2.665 2.66 2.67 3.052399839218414e-06 0.9849674279071049 73111312.0377617 223.16495710911113
2.675 2.67 2.68 3.2617693958298254e-06 0.98395286331746 73087836.26353465 238.39566753181862
2.685 2.68 2.69 2.734647344634035e-06 0.9865111988480916 73063554.80858971 199.80305614683311
2.695 2.69 2.7 2.5689862330896303e-06 0.9873179686542264 73038479.30959259 187.63484783214517
2.705 2.7 2.71 2.468005753407527e-06 0.9878103913543091 73012621.25714506 180.19556933399872
2.715 2.71 2.72 2.3845648767076656e-06 0.9882176544532418 72985991.99773929 174.03983300947584
2.725 2.72 2.73 2.232008242410505e-06 0.9889631307041413 72958602.73542754 162.8442026602279
2.735 2.73 2.74 2.2351660967648378e-06 0.9889476882784306 72930464.53345744 163.0117017464945
2.745 2.74 2.75 1.9423054871704443e-06 0.9903818792080997 72901588.31616099 141.59715500992024
2.755 2.75 2.76 2.2377389669915383e-06 0.9889351068775705 72871984.8703278 163.06848014635034
2.765 2.76 2.77 1.9087147288566892e-06 0.9905466451439706 72841664.84717095 139.03395856823772
2.775 2.77 2.78 1.8998422998059186e-06 0.9905901744242832 72810638.76372018 138.32873139920412
2.785 2.78 2.79 1.9048737900466884e-06 0.9905654888151562 72778917.0046055 138.63465147005627
2.795 2.79 2.8 1.9492776896670316e-06 0.9903476867460628 72746509.82359272 141.80314860027283
2.805 2.8 2.81 1.3232657345893972e-06 0.9934271594007723 72713427.34516764 96.21918685041601
2.815 2.81 2.82 1.629459858972092e-06 0.9919185427560447 72679679.56610012 118.42862041591434
2.825 2.82 2.83 1.9531933391025e-06 0.9903284849978932 72645276.35715362 141.8902698980528
2.835 2.83 2.84 1.6657660831405684e-06 0.9917399660066557 72610227.46427035 120.95165419910336
2.845 2.84 2.85 1.5928827686612693e-06 0.9920985168385672 72574542.5105229 115.6027382084867
2.855 2.85 2.86 1.3165168197484063e-06 0.9934604629538312 72538230.99731658 95.49780118276249
2.865 2.86 2.87 1.4472822602383946e-06 0.9928155781304175 72501302.30598207 104.92984867162886
2.875 2.87 2.88 1.4338170363374538e-06 0.9928819447626374 72463765.69932239 103.89978177685407
2.885 2.88 2.89 1.575401261160728e-06 0.9921845559958994 72425630.32281817 114.0994293509284
2.895 2.89 2.9 1.3554616484092285e-06 0.9932683144658077 72386905.20646809 98.1176738544018
2.905 2.9 2.91 1.4677523643220446e-06 0.9927147032361394 72347599.26582313 106.18835987543571
2.915 2.91 2.92 1.679195689845509e-06 0.991673927079579 72307721.30363898 121.41881395562086
2.925 2.92 2.93 1.4327976590800988e-06 0.992886969372758 72267280.01116109 103.54438962807762
2.935 2.93 2.94 1.6516985776125268e-06 0.9918091511786754 72226283.96955764 119.29605049875681
2.945 2.94 2.95 1.4513295481285633e-06 0.992795631821423 72184741.65129003 104.76384848254384
2.955 2.95 2.96 1.3958745601518204e-06 0.9930690012235832 72142661.42127809 100.70210577960825
2.965 2.96 2.97 1.3997166277801474e-06 0.9930500566176711 72100051.53861247 100.91964100240148
2.975 2.97 2.98 1.6660018202403524e-06 0.9917388067140569 72056920.15750328 120.04696014331421
2.985 2.98 2.99 1.2419479506491171e-06 0.9938285831393676 72013275.32869333 89.4367397140013
2.995 2.99 3.0 1.1565834859331423e-06 0.9942503324231791 71969125.00083986 83.23830147302942
3.005 3.0 3.01 1.3498078782686915e-06 0.9932962047866232 71924477.02172258 97.08422572427662
3.015 3.01 3.02 1.4422300538535526e-06 0.9928404781188731 71879339.1394204 103.66654315800406
3.025 3.02 3.03 1.439974463542198e-06 0.9928515952835231 71833719.00370167 103.43872098659631
3.035 3.03 3.04 1.2694306297160138e-06 0.9936928791136124 71787624.16709836 91.1294089522562
3.045 3.04 3.05 1.0946937360718337e-06 0.9945563270928044 71741062.08629927 78.53449128501234
3.055 3.05 3.06 1.2516170592982904e-06 0.9937808347699908 71694040.12313007 89.7334836681257
3.065 3.06 3.07 1.0304496969522014e-06 0.9948741611108886 71646565.54590948 73.82818175444845
3.075 3.07 3.08 1.2742756369760602e-06 0.993668959269915 71598645.53061172 91.23640964014339
3.085 3.08 3.09 1.171315631934458e-06 0.9941775216399266 71550287.16183233 83.80796982205356
3.095 3.09 3.1 1.4472823117153346e-06 0.992815577876718 71501497.43422979 103.48285249772016
3.105 3.1 3.11 1.1680882508061459e-06 0.9941934714349433 71452283.25333184 83.46257256148965
3.115 3.11 3.12 1.2865354242655555e-06 0.9936084377350238 71402651.43698566 91.86204046016792
3.125 3.12 3.13 1.2406593754757733e-06 0.9938349467780219 71352608.71607581 88.52428296825383
3.135 3.13 3.14 1.1304743789089096e-06 0.99437939783914 71387308.16597444 80.70152286090888
3.145 3.14 3.15 1.0344664194279414e-06 0.9948542832587239 71253373.02700216 73.70922166740638
3.155 3.15 3.16 1.2482861405781717e-06 0.9937972831246562 71202172.60517655 88.88068524209666
3.165 3.16 3.17 8.689850342558643e-07 0.9956738715331903 71150587.66535868 61.82879585970659
3.175 3.17 3.18 1.0182331145146419e-06 0.9949346230999127 71098624.51802795 72.39497388069867
3.185 3.18 3.19 7.646929275056345e-07 0.9961910985624263 71046289.39313152 54.32859502444626
3.195 3.19 3.2 9.417875848084034e-07 0.9953131322452733 70895567.90092939 66.76856566703646
3.205 3.2 3.21 9.38532219881269e-07 0.9953292571140401 70938254.32833706 66.57783730927622
3.215 3.21 3.22 9.8311591007687e-07 0.9951084651781559 70884802.5759232 69.687977195048
3.225 3.22 3.23 9.860907187498806e-07 0.9950937365107033 70831002.69052795 69.84579435287742
3.235 3.23 3.24 6.847313384112026e-07 0.9965880247398764 70776860.51780826 48.463134430901846
3.245 3.24 3.25 9.918143885099541e-07 0.9950653990983293 70722381.82890053 70.14347588759847
3.255 3.25 3.26 6.038591892125496e-07 0.9969897927604525 70667572.32134356 42.67326292558573
3.265 3.26 3.27 6.289800649054862e-07 0.996864959066721 70612437.62000173 44.41381559736328
3.275 3.27 3.28 6.475156991067849e-07 0.9967728695924758 70556983.27797101 45.68675435410114
3.285 3.28 3.29 8.300926636454705e-07 0.9958666918257328 70501214.77748774 58.522541164886206
3.295 3.29 3.3 7.515685525433079e-07 0.9962562257522457 70445137.53087464 52.944350047793705
3.305 3.3 3.31 5.820583225823386e-07 0.9970981536063097 70388756.88124727 40.97036175895482
3.315 3.31 3.32 6.961921457393588e-07 0.9965311143261064 70332078.10369365 48.96464036931866
3.325 3.32 3.33 6.1846585499117e-07 0.9969172037461487 70275106.4057329 43.46275376781705
3.335 3.33 3.34 5.973556810263706e-07 0.9970221158748661 70217846.9285945 41.94502977223601
3.345 3.34 3.35 5.743726679960152e-07 0.9971363606409143 70160304.747677 40.29816142533673
3.355 3.35 3.36 4.544487584537847e-07 0.9977329075943763 70102484.873605 31.857987215335015
3.365 3.36 3.37 4.0850920651123253e-07 0.9979616174576186 70044392.25292435 28.61377909980365
3.375 3.37 3.38 3.308673013624356e-07 0.9983483958023068 69986031.76914492 23.156089464522665
3.385 3.38 3.39 2.9344312756517376e-07 0.9985349339300224 69927408.24308534 20.519717377377674
3.395 3.39 3.4 2.1695305534851834e-07 0.998916410163886 69868526.4341408 15.158190282585565
3.405 3.4 3.41 2.5785701941925e-07 0.9987123750186029 69809391.04081021 18.000841501256218
3.415 3.41 3.42 1.9706647729455908e-07 0.9990156375377413 69750006.70138843 13.745388111914508
3.425 3.42 3.43 1.6829718567121447e-07 0.9991592215748575 69690377.99498065 11.728694484918378
3.435 3.43 3.44 1.9846311608290136e-07 0.9990086681336418 69630509.44203506 13.819087878306163
3.445 3.44 3.45 1.218068931340533e-07 0.9993913362315429 69570405.50519766 8.474154948664363
3.455 3.45 3.46 1.8299239508344593e-07 0.9990858744147341 69510070.58989343 12.719814299663994
3.465 3.46 3.47 1.5042462106697606e-07 0.9992484421586826 69449509.04524662 10.446916081418749
3.475 3.47 3.48 1.8730217177379065e-07 0.9990643653731189 69388725.1646904 12.996658919961192
3.485 3.48 3.49 9.207810335114867e-08 0.999539821345133 69327723.18664214 6.383565260679461
3.495 3.49 3.5 1.2228235983749442e-07 0.9993889617967796 69266507.29519571 8.470071969757555
3.505 3.5 3.51 1.2364245102156386e-07 0.9993821696951584 69205081.6208651 8.556685914751142
3.515 3.51 3.52 1.0705812160958663e-07 0.9994649957746891 69143450.24123977 7.402367904433049
3.525 3.52 3.53 7.852804080064217e-08 0.9996075139018183 69081617.18163122 5.42484405261348
3.535 3.53 3.54 3.052104914341314e-08 0.9998474180390906 69019586.41569716 2.1065501888515428
3.545 3.54 3.55 8.935173357025482e-08 0.9995534408363257 68957361.8661992 6.16145982517628
3.555 3.55 3.56 1.1553705694269825e-07 0.9994226482429007 68894947.40552716 7.959919461456593
3.565 3.56 3.57 1.1014278330466129e-07 0.9994495892023628 68832346.85636288 7.581386264151661
3.575 3.57 3.58 1.0724587991898244e-07 0.9994640579882682 68769563.99239534 7.37525240200921
3.585 3.58 3.59 9.263021984716677e-08 0.9995370633104008 68706602.53883639 6.364307698124321
3.595 3.59 3.6 7.932352481525069e-08 0.9996035396190981 68643466.17300475 5.445041692379164
3.605 3.6 3.61 1.5907065752012856e-08 0.9999204709966053 68580158.52501261 1.0909090909408405
3.615 3.61 3.62 1.8664676955923016e-07 0.9990676362655994 68516683.17845528 12.788417576171923
3.625 3.62 3.63 1.2392443958530937e-07 0.9993807614959964 68453043.67057051 8.48300507478416
3.635 3.63 3.64 1.0794559576970542e-07 0.9994605631703012 68389243.49340677 7.382317633135244
3.645 3.64 3.65 6.399292733242095e-08 0.9996801377079599 68325286.09398562 4.372335067979293
3.655 3.65 3.66 1.5448685969666692e-08 0.9999227625362382 68261174.87500824 1.0545454545645043
3.665 3.66 3.67 1.2430127845575828e-07 0.9993788796379967 68196913.19530275 8.476963496912504
3.675 3.67 3.68 4.6158813509398944e-08 0.999769259186064 68132504.37059923 3.144915563170798
3.685 3.68 3.69 6.753858975424716e-08 0.9996624210492601 68067951.6737974 4.597213463508524
3.695 3.69 3.7 7.759537904162933e-08 0.999612173572485 68003258.33572175 5.276738606626168
3.705 3.7 3.71 1.264021622986588e-07 0.9993683883738832 67938427.54551467 8.587564144923817
3.715 3.71 3.72 4.72028516429783e-08 0.9997640414313715 67873462.45126608 3.203820978582371
3.725 3.72 3.73 6.215267653063999e-08 0.9996893331612245 67808366.16039522 4.214471448038239
3.735 3.73 3.74 1.51283907738262e-08 0.9999243637674032 67743141.74030311 1.024844720494002
3.745 3.74 3.75 3.136710641755179e-08 0.9998431890614392 67677792.21868594 2.1228565106284805
3.755 3.75 3.76 3.110368210770619e-08 0.9998445057716766 67612320.5843413 2.1029921260196716
3.765 3.76 3.77 5.2078536832213435e-08 0.9997396751025377 67546729.7872794 3.5177348551223986
3.775 3.77 3.78 1.2593992827925028e-07 0.9993706966307099 67481022.73953499 8.498555164027493
3.785 3.78 3.79 3.26689066672794e-08 0.9998366821437426 67415202.31535825 2.2023809523961972
3.795 3.79 3.8 3.3618290854930084e-08 0.9998319367957139 67349271.35200688 2.2641673931793775
3.805 3.8 3.81 1.5770544990093304e-08 0.9999211534923116 67283232.64982013 1.0610932475829031
3.815 3.81 3.82 4.6473346351336574e-08 0.9997676872499978 67217088.9730422 3.1238030565727968
3.825 3.82 3.83 3.190092977800309e-08 0.9998405207887856 67150843.05017553 2.1421743286773562
3.835 3.83 3.84 4.984534525421973e-08 0.9997508353722134 67084497.57409476 3.343849942786619
3.845 3.84 3.85 4.629430558237022e-08 0.9997685820387572 67018055.20312939 3.1025543271098286
3.855 3.85 3.86 3.2439518127217655e-08 0.999837828713156 66951518.560867175 2.171875
3.865 3.86 3.87 1.5830534006642027e-08 0.9999208535946161 66884890.23698894 1.0588235294271726
3.875 3.87 3.88 1.6066428742248497e-08 0.9999196743090236 66818172.78744233 1.0735294117766898
3.885 3.88 3.89 4.789932402893785e-08 0.9997605607247525 66751368.73517975 3.1973454404214863
3.895 3.89 3.9 3.126824060310854e-08 0.9998436832357356 66684480.57016978 2.085106382961385
3.905 3.9 3.91 4.787518787141854e-08 0.9997606813477701 66617510.75007804 3.1893258426862303
3.915 3.91 3.92 1.559922450881602e-08 0.9999220099603766 66550461.70060916 1.0381355932331644
3.925 3.92 3.93 1.6061116625305723e-08 0.9999197008653424 66483335.8159512 1.0677966101793572
3.935 3.93 3.94 3.306041293951024e-08 0.999834725255559 66416135.458932325 2.195744864118751
3.945 3.94 3.95 1.8024066054069413e-08 0.9999098877906717 66348862.9617616 1.1958762886351906
3.955 3.95 3.96 1.5792168950069708e-08 0.9999210453895723 66281520.62619139 1.0467289719963446
3.965 3.96 3.97 3.3410743701516923e-08 0.999832974183776 66214110.72391052 2.2122626828204375
3.975 3.97 3.98 0.0 1.0 66146635.49697163 0.0
3.985 3.98 3.99 3.1927775572809595e-08 0.9998403866026396 66079097.15816728 2.109758584119845
3.995 3.99 4.0 3.376207376168459e-08 0.9998312181233224 66011497.89124361 2.2286850609234534
4.005 4.0 4.01 6.52512988669624e-08 0.9996738499142489 65943839.85152144 4.302921202586731
4.015 4.01 4.02 1.677790178316807e-08 0.9999161175279435 65876125.1661413 1.105263157893205
4.025 4.02 4.03 5.1022783866246096e-08 0.9997449511471813 65806864.07026902 3.357649402372772
4.035 4.03 4.04 1.661978621084701e-08 0.9999169079738043 65740472.153058246 1.0925925925839692
4.045 4.04 4.05 1.5227050925450504e-08 0.9999238705415084 65672598.384011395 1.0
4.055 4.05 4.06 6.393670233497743e-08 0.9996804186532122 65604676.17305659 4.194546652259305
4.065 4.06 4.07 3.116932663128877e-08 0.999844177651232 65536707.51098004 2.0427350427489728
4.075 4.07 4.08 0.0 1.0 65468694.36242476 0.0
4.085 4.08 4.09 1.5605635931397777e-08 0.9999219779082648 65400638.66632933 1.0206185567076318
4.095 4.09 4.1 3.335891128642536e-08 0.9998332332593525 65332542.335779734 2.1794224838959053
4.105 4.1 4.11 1.6051920052620742e-08 0.9999197468408233 65264407.259040736 1.0476190476038028
4.115 4.11 4.12 1.6426834111028816e-08 0.9999178725749127 65196235.29909147 1.070967741921777
4.125 4.12 4.13 1.5354372398283408e-08 0.999923234031475 65128028.29452009 1.0
4.135 4.13 4.14 3.145824368172054e-08 0.9998427335182278 65059788.059651904 2.046666666661622
4.145 4.14 4.15 1.6601357045443866e-08 0.9999170001043272 64991516.384697594 1.0789473684271798
4.155 4.15 4.16 4.8467838267109414e-08 0.9997577195227194 64923215.03616917 3.1466878861538135
4.165 4.16 4.17 1.5855426692978852e-08 0.9999207291509009 64854885.75732156 1.0283018868067302
4.175 4.17 4.18 0.0 1.0 64786530.268163994 0.0
4.185 4.18 4.19 1.6694228372659832e-08 0.9999165358249866 64718150.26583328 1.0804195803939365
4.195 4.19 4.2 0.0 1.0 64649747.42506101 0.0
4.205 4.2 4.21 0.0 1.0 64581323.39823342 0.0
4.215 4.21 4.22 1.584524245632353e-08 0.999920780064014 64512879.815764606 1.0222222222364508
4.225 4.22 4.23 0.0 1.0 64444418.28621904 0.0
4.235 4.23 4.24 0.0 1.0 64375940.396898456 0.0
4.245 4.24 4.25 0.0 1.0 64307447.713833354 0.0
4.255 4.25 4.26 1.638619114407554e-08 0.9999180757564113 64238941.78194251 1.0526315789320506
4.265 4.26 4.27 1.634367392936483e-08 0.9999182883076994 64170424.12580509 1.0487804878212046
4.275 4.27 4.28 4.9756750288947985e-08 0.9997512781265161 64101896.24933868 3.189502044726396
4.285 4.28 4.29 1.5984315325198246e-08 0.9999200848103219 64033359.63634921 1.0235294117592275
4.295 4.29 4.3 0.0 1.0 63964815.750676215 0.0
4.305 4.3 4.31 1.64963325631169e-08 0.9999175251398481 63896266.036674336 1.0540540540823713
4.315 4.31 4.32 5.0319876084067044e-08 0.999748463905905 63827711.91895693 3.2118025544914417
4.325 4.32 4.33 0.0 1.0 63759154.80319376 0.0
4.335 4.33 4.34 4.947074604803116e-08 0.9997527074384974 63690596.07599711 3.150821304123383
4.345 4.34 4.35 1.680469511524172e-08 0.9999159835837752 63622037.1051952 1.0691489361634012
4.355 4.35 4.36 3.3535816684774486e-08 0.9998323490281373 63553479.24024254 2.1313178294803947
4.365 4.36 4.37 0.0 1.0 63484923.81222275 0.0
4.375 4.37 4.38 0.0 1.0 63416372.13423315 0.0
4.385 4.38 4.39 0.0 1.0 63347825.50145319 0.0
4.395 4.39 4.4 1.6028716368020535e-08 0.9999198628406389 63279285.191605985 1.0142857143073343
4.405 4.4 4.41 3.276911681100768e-08 0.9998361812569225 63210752.46489847 2.0713605312339496
4.415 4.41 4.42 1.620990318256233e-08 0.9999189570525789 63142228.564343356 1.0235294117592275
4.425 4.42 4.43 5.0352062290991095e-08 0.9997483030558462 63073714.716058284 3.1758916123071685
4.435 4.43 4.44 1.6884790182688607e-08 0.9999155831758884 63005212.12941969 1.0638297872210387
4.445 4.44 4.45 4.9163346866650256e-08 0.9997542436766835 62936721.997094125 3.0941798941930756
4.455 4.45 4.46 3.3795084694927985e-08 0.9998310531243952 62868245.4956451 2.124637681146851
4.465 4.46 4.47 6.930112762543123e-08 0.999653614386441 62799783.78527384 4.352095830952749
4.475 4.47 4.48 0.0 1.0 62731338.0101783 0.0
4.485 4.48 4.49 3.300679636360179e-08 0.999834993249903 62662909.29908585 2.0683018867857754
4.495 4.49 4.5 0.0 1.0 62594498.764848806 0.0
4.505 4.5 4.51 0.0 1.0 62526107.505122446 0.0
4.515 4.51 4.52 0.0 1.0 62457736.602336556 0.0
4.525 4.52 4.53 0.0 1.0 62389387.12378658 0.0
4.535 4.53 4.54 0.0 1.0 62321060.122163564 0.0
4.545 4.54 4.55 3.340662005608485e-08 0.9998329947951168 62252756.63534899 2.079654188361019
4.555 4.55 4.56 1.7174079525433825e-08 0.9999141369754648 62184477.68683079 1.067961165041197
4.565 4.56 4.57 5.193756697235464e-08 0.9997403795854016 62116224.28573181 3.2261655589099973
4.575 4.57 4.58 3.439853383850825e-08 0.9998280369071988 62047997.42724287 2.1343601391126867
4.585 4.58 4.59 1.679283183460208e-08 0.9999160428902152 61979798.09245752 1.0408163265092298
4.595 4.59 4.6 0.0 1.0 61911627.24867404 0.0
4.605 4.6 4.61 0.0 1.0 61843485.84970887 0.0
4.615 4.61 4.62 0.0 1.0 61775374.83590224 0.0
4.625 4.62 4.63 3.4604421393027075e-08 0.9998270078245056 61707295.1342322 2.1353452438488603
4.635 4.63 4.64 3.39891283993584e-08 0.999830083234617 61639247.65866219 2.095064303110121
4.645 4.64 4.65 0.0 1.0 61571233.31023788 0.0
4.655 4.65 4.66 1.7451651439231682e-08 0.9999127493561428 61503252.97701313 1.0733333333337214
4.665 4.66 4.67 0.0 1.0 61435307.53469957 0.0
4.675 4.67 4.68 0.0 1.0 61367397.84627911 0.0
4.685 4.68 4.69 0.0 1.0 61299524.762414224 0.0
4.695 4.69 4.7 1.749794243450289e-08 0.9999125179416075 61231689.12177844 1.071428571420256
4.705 4.7 4.71 0.0 1.0 61163891.75080563 0.0
4.715 4.71 4.72 3.394636859335881e-08 0.9998302969610428 61096133.46406607 2.073991866200231
4.725 4.72 4.73 0.0 1.0 61028415.064602636 0.0
4.735 4.73 4.74 3.411858633152406e-08 0.999829436165327 60960737.34344648 2.0798941798857413
4.745 4.74 4.75 3.592225746471987e-08 0.9998204209670977 60893101.080654055 2.1874176548444666
4.755 4.75 4.76 0.0 1.0 60825507.0445949 0.0
4.765 4.76 4.77 6.922459381938024e-08 0.9996539967905613 60757955.99249862 4.205944824876497
4.775 4.77 4.78 1.7671046953623168e-08 0.9999116525711896 60690448.670779705 1.0724637680978049
4.785 4.78 4.79 5.2074412919317805e-08 0.9997396957113684 60622985.81465003 3.1569063957140315
4.795 4.79 4.8 1.7119767502788496e-08 0.9999144084890199 60555568.14875138 1.036697247705888
4.805 4.8 4.81 3.427665986339592e-08 0.9998286460678854 60488196.38691611 2.0733333333046176
4.815 4.81 4.82 1.7169285321732966e-08 0.9999141609423676 60420871.23256602 1.0373831775796134
4.825 4.82 4.83 1.8666366249681167e-08 0.9999066768787694 60353593.37872946 1.1265822784916963
4.835 4.83 4.84 3.4919916921820415e-08 0.999825430895084 60286363.50802992 2.105194805219071
4.845 4.84 4.85 3.47131163297013e-08 0.9998264645381347 60219182.2930963 2.0903954802197404
4.855 4.85 4.86 3.4408716995452465e-08 0.9998279860089264 60152050.39642045 2.0697548787866253
4.865 4.86 4.87 1.777418200008824e-08 0.9999111369873364 60084968.47084153 1.067961165070301
4.875 4.87 4.88 1.9160938453242892e-08 0.9999042044853936 60017937.15899899 1.1499999999941792
4.885 4.88 4.89 0.0 1.0 59950957.09425564 0.0
4.895 4.89 4.9 0.0 1.0 59884028.90017916 0.0
4.905 4.9 4.91 0.0 1.0 59817153.191140376 0.0
4.915 4.91 4.92 0.0 1.0 59750330.57189729 0.0
4.925 4.92 4.93 3.456227322309673e-08 0.9998272184924929 59683561.63833588 2.0627995642716996
4.935 4.93 4.94 0.0 1.0 59616846.97695154 0.0
4.945 4.94 4.95 3.638387668935276e-08 0.9998181137051959 59550187.16548725 2.1666666666569654
4.955 4.95 4.96 1.7973849023999607e-08 0.9999101388306356 59483582.7727171 1.0691489361634012
4.965 4.96 4.97 3.4836904879460385e-08 0.9998258458105674 59417034.35863999 2.069905574171571
4.975 4.97 4.98 3.7036680813648765e-08 0.9998148508824756 59350542.474582225 2.1981470977480058
4.985 4.98 4.99 0.0 1.0 59284107.663431086 0.0
