6.671282e-06 3.357115e+01
6.927260e-06 3.480826e+01
7.193060e-06 3.609095e+01
7.469058e-06 3.742092e+01
7.755647e-06 3.879989e+01
8.053232e-06 4.022968e+01
8.362235e-06 4.171216e+01
8.683095e-06 4.324927e+01
9.016267e-06 4.484302e+01
9.362222e-06 4.649550e+01
9.721452e-06 4.820888e+01
1.009446e-05 4.998539e+01
1.048179e-05 5.182737e+01
1.088398e-05 5.373722e+01
1.130160e-05 5.571744e+01
1.173524e-05 5.777063e+01
1.218552e-05 5.989949e+01
1.265308e-05 6.210679e+01
1.313858e-05 6.439542e+01
1.364271e-05 6.676840e+01
1.416619e-05 6.922881e+01
1.470974e-05 7.177989e+01
1.527416e-05 7.442497e+01
1.586023e-05 7.716752e+01
1.646879e-05 8.001113e+01
1.710070e-05 8.295952e+01
1.775685e-05 8.601656e+01
1.843819e-05 8.918625e+01
1.914566e-05 9.247273e+01
1.988028e-05 9.588032e+01
2.064309e-05 9.941347e+01
2.143517e-05 1.030768e+02
2.225764e-05 1.068751e+02
2.311167e-05 1.108134e+02
2.399847e-05 1.148968e+02
2.491929e-05 1.191306e+02
2.587545e-05 1.235205e+02
2.686829e-05 1.280721e+02
2.789923e-05 1.327914e+02
2.896973e-05 1.376846e+02
3.008130e-05 1.427581e+02
3.123552e-05 1.480185e+02
3.243403e-05 1.534727e+02
3.367853e-05 1.591279e+02
3.497078e-05 1.649915e+02
3.631261e-05 1.710710e+02
3.770593e-05 1.773746e+02
3.915271e-05 1.839104e+02
4.065501e-05 1.906870e+02
4.221495e-05 1.977132e+02
4.383474e-05 2.049983e+02
4.551668e-05 2.125517e+02
4.726316e-05 2.203834e+02
4.907666e-05 2.285036e+02
5.095973e-05 2.369229e+02
5.291506e-05 2.456523e+02
5.494542e-05 2.547033e+02
5.705368e-05 2.640876e+02
5.924284e-05 2.738176e+02
6.151600e-05 2.839058e+02
6.387637e-05 2.943656e+02
6.632732e-05 3.052106e+02
6.887230e-05 3.164550e+02
7.151494e-05 3.281134e+02
7.425898e-05 3.402010e+02
7.710830e-05 3.527336e+02
8.006696e-05 3.657277e+02
8.313914e-05 3.792000e+02
8.632920e-05 3.931683e+02
8.964166e-05 4.076506e+02
9.308122e-05 4.226660e+02
9.665276e-05 4.382338e+02
1.003613e-04 4.543744e+02
1.042122e-04 4.711088e+02
1.082108e-04 4.884588e+02
1.123629e-04 5.064470e+02
1.166743e-04 5.250965e+02
1.211511e-04 5.444318e+02
1.257997e-04 5.644779e+02
1.306266e-04 5.852608e+02
1.356388e-04 6.068075e+02
1.408433e-04 6.291456e+02
1.462474e-04 6.523042e+02
1.518590e-04 6.763133e+02
1.576858e-04 7.012038e+02
1.637362e-04 7.270079e+02
1.700188e-04 7.537587e+02
1.765425e-04 7.814905e+02
1.833164e-04 8.102391e+02
1.903503e-04 8.400414e+02
1.976541e-04 8.709356e+02
2.052381e-04 9.029612e+02
2.131131e-04 9.361585e+02
2.212902e-04 9.705704e+02
2.297812e-04 1.006241e+03
2.385979e-04 1.043214e+03
2.477529e-04 1.081539e+03
2.572592e-04 1.121261e+03
2.671303e-04 1.162431e+03
2.773801e-04 1.205103e+03
2.880232e-04 1.249328e+03
2.990747e-04 1.295162e+03
3.105503e-04 1.342661e+03
3.224661e-04 1.391884e+03
3.348392e-04 1.442893e+03
3.476870e-04 1.495750e+03
3.610278e-04 1.550521e+03
3.748805e-04 1.607271e+03
3.892647e-04 1.666066e+03
4.042008e-04 1.726981e+03
4.197101e-04 1.790088e+03
4.358144e-04 1.855463e+03
4.525366e-04 1.923183e+03
4.699005e-04 1.993324e+03
4.879307e-04 2.065970e+03
5.066526e-04 2.141207e+03
5.260929e-04 2.219122e+03
5.462792e-04 2.299805e+03
5.672400e-04 2.383344e+03
5.890050e-04 2.469828e+03
6.116052e-04 2.559360e+03
6.350726e-04 2.652040e+03
6.594404e-04 2.747969e+03
6.847432e-04 2.847252e+03
7.110169e-04 2.949978e+03
7.382987e-04 3.056271e+03
7.666273e-04 3.166241e+03
7.960429e-04 3.280003e+03
8.265872e-04 3.397674e+03
8.583034e-04 3.519354e+03
8.912366e-04 3.645169e+03
9.254335e-04 3.775250e+03
9.609425e-04 3.909723e+03
9.978139e-04 4.048713e+03
1.036100e-03 4.192338e+03
1.075855e-03 4.340708e+03
1.117136e-03 4.493981e+03
1.160001e-03 4.652285e+03
1.204510e-03 4.815752e+03
1.250727e-03 4.984514e+03
1.298718e-03 5.158638e+03
1.348550e-03 5.338312e+03
1.400294e-03 5.523672e+03
1.454023e-03 5.714847e+03
1.509814e-03 5.911968e+03
1.567746e-03 6.115104e+03
1.627901e-03 6.324396e+03
1.690364e-03 6.540007e+03
1.755223e-03 6.762059e+03
1.822571e-03 6.990665e+03
1.892503e-03 7.225895e+03
1.965119e-03 7.467772e+03
2.040521e-03 7.716501e+03
2.118816e-03 7.972178e+03
2.200115e-03 8.234887e+03
2.284534e-03 8.504703e+03
2.372192e-03 8.781475e+03
2.463213e-03 9.065425e+03
2.557727e-03 9.356619e+03
2.655867e-03 9.655091e+03
2.757773e-03 9.960860e+03
2.863589e-03 1.027374e+04
2.973465e-03 1.059371e+04
3.087557e-03 1.092090e+04
3.206027e-03 1.125524e+04
3.329043e-03 1.159668e+04
3.456779e-03 1.194502e+04
3.589416e-03 1.229984e+04
3.727142e-03 1.266134e+04
3.870153e-03 1.302935e+04
4.018651e-03 1.340368e+04
4.172847e-03 1.378411e+04
4.332960e-03 1.416980e+04
4.499216e-03 1.456085e+04
4.671852e-03 1.495702e+04
4.851111e-03 1.535794e+04
5.037249e-03 1.576321e+04
5.230529e-03 1.617189e+04
5.431225e-03 1.658345e+04
5.639622e-03 1.699778e+04
5.856015e-03 1.741431e+04
6.080711e-03 1.783240e+04
6.314028e-03 1.825119e+04
6.556298e-03 1.866905e+04
6.807864e-03 1.908622e+04
7.069083e-03 1.950184e+04
7.340324e-03 1.991500e+04
7.621973e-03 2.032473e+04
7.914429e-03 2.072856e+04
8.218107e-03 2.112640e+04
8.533437e-03 2.151746e+04
8.860866e-03 2.190051e+04
9.200858e-03 2.227421e+04
9.553896e-03 2.263613e+04
9.920480e-03 2.298446e+04
1.030113e-02 2.331906e+04
1.069639e-02 2.363846e+04
1.110681e-02 2.394106e+04
1.153298e-02 2.422487e+04
1.197550e-02 2.448552e+04
1.243500e-02 2.472407e+04
1.291213e-02 2.493887e+04
1.340757e-02 2.512826e+04
1.392202e-02 2.529047e+04
1.445621e-02 2.542041e+04
1.501090e-02 2.551810e+04
1.558687e-02 2.558284e+04
1.618494e-02 2.561304e+04
1.680596e-02 2.560721e+04
1.745080e-02 2.556181e+04
1.812039e-02 2.547423e+04
1.881568e-02 2.534643e+04
1.953763e-02 2.517752e+04
2.028730e-02 2.496683e+04
2.106572e-02 2.471366e+04
2.187402e-02 2.441250e+04
2.271333e-02 2.406985e+04
2.358484e-02 2.368671e+04
2.448979e-02 2.326431e+04
2.542947e-02 2.280415e+04
2.640520e-02 2.230367e+04
2.741837e-02 2.176857e+04
2.847042e-02 2.120530e+04
2.956283e-02 2.061845e+04
3.069716e-02 2.001247e+04
3.187501e-02 1.939019e+04
3.309806e-02 1.875495e+04
3.436804e-02 1.811505e+04
3.568674e-02 1.747753e+04
3.705605e-02 1.684903e+04
3.847789e-02 1.623533e+04
3.995429e-02 1.564174e+04
4.148734e-02 1.507329e+04
4.307922e-02 1.453352e+04
4.473217e-02 1.402546e+04
4.644855e-02 1.355160e+04
4.823079e-02 1.311598e+04
5.008141e-02 1.271755e+04
5.200304e-02 1.235233e+04
5.399840e-02 1.201687e+04
5.607033e-02 1.170585e+04
5.822175e-02 1.141279e+04
6.045573e-02 1.112792e+04
6.277542e-02 1.084082e+04
6.518412e-02 1.054186e+04
6.768525e-02 1.022210e+04
7.028234e-02 9.873347e+03
7.297908e-02 9.482679e+03
7.577929e-02 9.054451e+03
7.868696e-02 8.591919e+03
8.170618e-02 8.102248e+03
8.484126e-02 7.597438e+03
8.809663e-02 7.090173e+03
9.147691e-02 6.600857e+03
9.498689e-02 6.147244e+03
9.863154e-02 5.742448e+03
1.024160e-01 5.395217e+03
1.063458e-01 5.109524e+03
1.104263e-01 4.883798e+03
1.146633e-01 4.701176e+03
1.190630e-01 4.543912e+03
1.236314e-01 4.391326e+03
1.283752e-01 4.222968e+03
1.333010e-01 4.017245e+03
1.384157e-01 3.773628e+03
1.437268e-01 3.501948e+03
1.492416e-01 3.221136e+03
1.549680e-01 2.954325e+03
1.609141e-01 2.724504e+03
1.670884e-01 2.544532e+03
1.734996e-01 2.409636e+03
1.801568e-01 2.304807e+03
1.870695e-01 2.208758e+03
1.942474e-01 2.098988e+03
2.017007e-01 1.960718e+03
2.094399e-01 1.805788e+03
2.174762e-01 1.653481e+03
2.258208e-01 1.521560e+03
2.344855e-01 1.418571e+03
2.434828e-01 1.341003e+03
2.528252e-01 1.269611e+03
2.625262e-01 1.190131e+03
2.725993e-01 1.100384e+03
2.830590e-01 1.009888e+03
2.939200e-01 9.321363e+02
3.051977e-01 8.705092e+02
3.169082e-01 8.161510e+02
3.290680e-01 7.602187e+02
3.416944e-01 7.015694e+02
3.548053e-01 6.461954e+02
3.684192e-01 5.994368e+02
3.825555e-01 5.578580e+02
3.972342e-01 5.171084e+02
4.124761e-01 4.770876e+02
4.283028e-01 4.404694e+02
4.447369e-01 4.079531e+02
4.618015e-01 3.774298e+02
4.795209e-01 3.481846e+02
4.979201e-01 3.212581e+02
5.170254e-01 2.967388e+02
5.368637e-01 2.737149e+02
5.574632e-01 2.522512e+02
5.788532e-01 2.325325e+02
6.010638e-01 2.142548e+02
6.241267e-01 1.972870e+02
6.480745e-01 1.816445e+02
6.729412e-01 1.671552e+02
6.987621e-01 1.537526e+02
7.255737e-01 1.413869e+02
7.534140e-01 1.299756e+02
7.823226e-01 1.194412e+02
8.123404e-01 1.097179e+02
8.435100e-01 1.007518e+02
8.758756e-01 9.248898e+01
9.094830e-01 8.487703e+01
9.443800e-01 7.786732e+01
9.806160e-01 7.141358e+01
1.018242e+00 6.547344e+01
1.057312e+00 6.000979e+01
1.097882e+00 5.498623e+01
1.140007e+00 5.036889e+01
1.183750e+00 4.612630e+01
1.229170e+00 4.222782e+01
1.276334e+00 3.864826e+01
1.325307e+00 3.536259e+01
1.376159e+00 3.234765e+01
1.428962e+00 2.958206e+01
1.483792e+00 2.704539e+01
1.540725e+00 2.471982e+01
1.599843e+00 2.258872e+01
1.661229e+00 2.063645e+01
1.724971e+00 1.884850e+01
1.791158e+00 1.721134e+01
1.859885e+00 1.571249e+01
1.931249e+00 1.434096e+01
2.005351e+00 1.308626e+01
2.082297e+00 1.193873e+01
2.162195e+00 1.088948e+01
2.245158e+00 9.930073e+00
2.331305e+00 9.053305e+00
2.420758e+00 8.252264e+00
2.513643e+00 7.520589e+00
2.610091e+00 6.852432e+00
2.710241e+00 6.242325e+00
2.814233e+00 5.685397e+00
2.922216e+00 5.177185e+00
3.034341e+00 4.713529e+00
3.150769e+00 4.290616e+00
3.271665e+00 3.904924e+00
3.397199e+00 3.553213e+00
3.527550e+00 3.232621e+00
3.662902e+00 2.940454e+00
3.803448e+00 2.674244e+00
3.949387e+00 2.431734e+00
4.100926e+00 2.210813e+00
4.258279e+00 2.009639e+00
4.421669e+00 1.826482e+00
4.591329e+00 1.659759e+00
4.767499e+00 1.508020e+00
4.950429e+00 1.369927e+00
5.140377e+00 1.244279e+00
5.337614e+00 1.129984e+00
5.542419e+00 1.026036e+00
5.755082e+00 9.315141e-01
5.975906e+00 8.455762e-01
6.205202e+00 7.674484e-01
6.443296e+00 6.964447e-01
6.690526e+00 6.319262e-01
6.947243e+00 5.733097e-01
7.213809e+00 5.200629e-01
7.490604e+00 4.716936e-01
7.778019e+00 4.277672e-01
8.076463e+00 3.878824e-01
8.386358e+00 3.516721e-01
8.708143e+00 3.188025e-01
9.042276e+00 2.889672e-01
9.389229e+00 2.618901e-01
9.749495e+00 2.373218e-01
1.012358e+01 2.150329e-01
1.051203e+01 1.948146e-01
1.091537e+01 1.764766e-01
1.133420e+01 1.598446e-01
1.176909e+01 1.447638e-01
1.222068e+01 1.310913e-01
1.268958e+01 1.186971e-01
1.317648e+01 1.074632e-01
1.368207e+01 9.728096e-02
1.420705e+01 8.805397e-02
1.475218e+01 7.969382e-02
1.531822e+01 7.211994e-02
1.590598e+01 6.525916e-02
1.651630e+01 5.904468e-02
1.715003e+01 5.341621e-02
1.780808e+01 4.831944e-02
1.849137e+01 4.370463e-02
1.920089e+01 3.952666e-02
1.993763e+01 3.574451e-02
2.070264e+01 3.232070e-02
2.149700e+01 2.922200e-02
2.232185e+01 2.641783e-02
2.317834e+01 2.388044e-02
2.406769e+01 2.158469e-02
2.499117e+01 1.950758e-02
2.595009e+01 1.762862e-02
2.694580e+01 1.592913e-02
2.797971e+01 1.439213e-02
2.905330e+01 1.300223e-02
3.016807e+01 1.174542e-02
3.132563e+01 1.060905e-02
3.252759e+01 9.581760e-03
3.377568e+01 8.653167e-03
3.507166e+01 7.813835e-03
3.641736e+01 7.055203e-03
3.781470e+01 6.369450e-03
3.926566e+01 5.749688e-03
4.077228e+01 5.189598e-03
4.233672e+01 4.683473e-03
4.396119e+01 4.226209e-03
4.564798e+01 3.813183e-03
4.739950e+01 3.440254e-03
4.921823e+01 3.103633e-03
5.110673e+01 2.800060e-03
5.306771e+01 2.526289e-03
5.510392e+01 2.279285e-03
5.721826e+01 2.056432e-03
5.941374e+01 1.855368e-03
6.169345e+01 1.673963e-03
6.406063e+01 1.510294e-03
6.651865e+01 1.362628e-03
6.907098e+01 1.229399e-03
7.172124e+01 1.109197e-03
7.447319e+01 1.000747e-03
7.733074e+01 9.029006e-04
8.029793e+01 8.146211e-04
8.337897e+01 7.349729e-04
8.657823e+01 6.631122e-04
8.990024e+01 5.982776e-04
9.334973e+01 5.397820e-04
9.693157e+01 4.870058e-04
1.006508e+02 4.393896e-04
1.045128e+02 3.964291e-04
1.085230e+02 3.576689e-04
1.126870e+02 3.226985e-04
1.170109e+02 2.911472e-04
1.215006e+02 2.626808e-04
1.261626e+02 2.369976e-04
1.310034e+02 2.138256e-04
1.360301e+02 1.929192e-04
1.412495e+02 1.740568e-04
1.466693e+02 1.570387e-04
1.522970e+02 1.416845e-04
1.581407e+02 1.278316e-04
1.642086e+02 1.153331e-04
1.705093e+02 1.040566e-04
1.770517e+02 9.388262e-05
1.838452e+02 8.470341e-05
1.908994e+02 7.642168e-05
1.982242e+02 6.894968e-05
2.058301e+02 6.220825e-05
2.137278e+02 5.612595e-05
2.219286e+02 5.063833e-05
2.304440e+02 4.568725e-05
2.392862e+02 4.122026e-05
2.484676e+02 3.719002e-05
2.580014e+02 3.355383e-05
2.679009e+02 3.027317e-05
2.781803e+02 2.731326e-05
2.888541e+02 2.464275e-05
2.999375e+02 2.223335e-05
3.114461e+02 2.005952e-05
3.233963e+02 1.809824e-05
3.358051e+02 1.632871e-05
3.486900e+02 1.473220e-05
3.620692e+02 1.329179e-05
3.759619e+02 1.199221e-05
3.903876e+02 1.081969e-05
4.053668e+02 9.761812e-06
4.209208e+02 8.807368e-06
4.370715e+02 7.946243e-06
4.538420e+02 7.169313e-06
4.712560e+02 6.468346e-06
4.893382e+02 5.835915e-06
5.081141e+02 5.265318e-06
5.276105e+02 4.750511e-06
5.478550e+02 4.286038e-06
5.688763e+02 3.866978e-06
5.907041e+02 3.488891e-06
6.133695e+02 3.147771e-06
6.369046e+02 2.840003e-06
6.613427e+02 2.562327e-06
6.867185e+02 2.311799e-06
7.130679e+02 2.085767e-06
7.404284e+02 1.881835e-06
7.688388e+02 1.697842e-06
7.983392e+02 1.531838e-06
8.289716e+02 1.382066e-06
8.607793e+02 1.246936e-06
8.938075e+02 1.125019e-06
9.281030e+02 1.015023e-06
9.637144e+02 9.157805e-07
